"z","y0","y1","mu0","mu1"
0,-16.7115097919614,-15.0251538216488,-16.2747081630278,-15.3815189954661
0,-16.0494519830145,-10.6480785301524,-14.7114671995312,-11.9823485565035
0,-15.3118562822649,-5.51014129681073,-14.273366482604,-5.88587522861912
0,-16.8484088806919,-15.1120308394598,-16.7406760910358,-14.4515728924699
0,-14.1886585959068,-11.855420015629,-14.6365785484669,-14.1414197935606
0,-13.8157931756707,-14.9645927849729,-14.1977968949921,-15.04459813517
0,-17.147152117483,-15.8613716612923,-17.1110742453972,-15.5906532263952
0,-15.8104349421279,-13.9904752123764,-15.712950093572,-15.6534004445339
0,-15.2165897331703,-14.3337362314162,-15.7483420264569,-15.8840067532275
1,-19.6058761203951,-12.8517296689626,-18.4483540004661,-12.7060382274907
0,-15.720482131505,-13.5082134247132,-15.7806078192484,-12.832659533372
1,-17.357672795648,-14.7781739425032,-17.3185806678502,-14.7475725473312
0,-15.876919157522,-27.4335783433688,-16.3709919799998,-28.3122644700345
1,-17.5166680869404,-12.6715066496253,-15.2410617951985,-13.4549202846466
1,-11.0209981135141,-7.99070777826927,-10.7248584742034,-6.86558312028384
1,-15.2025338120333,-17.9903830050378,-16.2987006705096,-17.4305998716768
0,-13.511411266265,-14.3603599618604,-14.4023994207057,-12.4986387168825
1,-13.0367300395359,-13.573986823597,-14.5791354829646,-13.9278521727897
0,-14.7774117399707,-6.23608031585555,-14.8744398276132,-8.07038821571734
1,-16.3868928578868,-14.9707034260842,-16.5311087733627,-15.1523774200791
0,-18.2977708737267,-17.8331005886283,-17.270180846816,-15.348461958065
1,-17.3180279233047,-15.5338645704425,-17.9884768877879,-14.9536398107781
1,-13.8789311033056,-8.15926157464219,-14.4988705116353,-6.74733931422667
0,-15.8636178543152,-7.80545192988374,-15.1170036719816,-8.553733006585
0,-13.6947447894987,-12.1467763997747,-14.9719149345951,-11.8997207979211
1,-15.1878090546629,-20.0130668167835,-16.6455173010212,-19.4563763989419
0,-15.8806389554829,-15.2403268953858,-16.9541569085799,-14.2762660593367
0,-15.914009728542,-12.778994699272,-15.9533764211779,-13.2656861039395
1,-15.9751554734433,-9.52886182891628,-15.1443614005747,-9.03637139519834
0,-17.8933896981851,-13.8303016404101,-16.8109375442169,-14.7126509758421
0,-16.2787378316426,-18.0864820847784,-16.6467224352077,-17.9749320282042
0,-16.0820890551792,-13.9096031296585,-16.6630485230827,-14.2489175935397
1,-16.7856243880356,-16.4626757575757,-16.1414931698161,-17.5733051918342
0,-12.8976176517351,-9.7778628831061,-14.2455790924879,-10.8774177841203
0,-16.6889020103965,-15.646767134657,-16.9847946808918,-15.8241022828035
0,-15.6122220964229,-11.8679098705558,-15.7827958068024,-14.3745812361186
1,-11.8756207050501,-1.99193129644406,-11.7191691021483,-2.72227057686096
0,-15.4440521973346,-10.2663678997232,-15.8188871256953,-10.4339214313823
0,-17.3162397200228,-17.4108258365786,-17.8131357179293,-15.172417245378
0,-17.6510030271744,-15.2389471758766,-17.555584065412,-14.3604591415219
0,-14.7656283911362,-11.724808345272,-14.3123093416221,-11.2158617584748
0,-16.8171844320199,-12.4504119804851,-16.1965580755141,-11.7924991980933
1,-14.793744581723,-8.06341686356517,-15.143522395378,-9.04677439780029
0,-16.0222400822557,-13.6733607991022,-15.6715177182319,-14.1186647329011
0,-17.9524145037665,-16.3547345771277,-16.4967430282908,-16.8170827901653
1,-14.4261516597553,-9.93442102461899,-15.5195317386841,-11.5399451936359
0,-9.57361927575002,0.660202775685327,-10.8558717881484,-0.370684900434354
0,-12.574881198697,-10.5540954503244,-13.7653802532899,-10.8263125615088
1,-17.7048770720732,-14.6942265159354,-17.1930903204939,-13.7068772309031
1,-14.1748934801438,-10.9556160827004,-13.5891860330034,-9.47412086028857
0,-13.8720493819536,-13.2240548544425,-16.4101528370735,-12.0197313917584
0,-14.4022006918544,-10.6647977113607,-14.8842280947865,-11.5811245259291
0,-13.965935948426,-10.5081845602017,-14.1947381761123,-10.3848378246262
1,-14.1791220132932,-5.09268130220196,-13.5965038062458,-7.57830743928148
1,-14.4837012190538,-11.0555772985143,-14.4520714115761,-10.9007473498338
0,-17.5832508392093,-23.8964833672262,-17.1304215247894,-23.8940234853962
1,-17.7426761322702,-11.9423434301856,-16.4908213190415,-12.3459418894328
0,-13.1539605198481,-12.1257837471652,-14.0121792526011,-12.2320914016174
0,-18.0727998340369,-19.3964189908769,-18.273252745459,-18.2043410138192
1,-14.0908477143097,-13.0514415170087,-15.6313039737208,-13.3293651336065
0,-14.5720957350345,-8.75918338890853,-15.3223717700441,-7.8410926970635
0,-15.962417883713,-13.7131939474076,-15.916092120462,-13.3477257993678
0,-15.9195984664632,-14.940414012785,-16.6946128798407,-15.7272067262648
0,-16.7941804269307,-17.0788438498888,-16.5755439987238,-16.1535859667667
0,-15.1512097721548,-7.72673749386133,-13.6516973277214,-6.95745906072197
0,-17.733934157236,-13.3551862280523,-17.4057123768785,-13.3246259631601
0,-14.3064052110073,-0.173836662211809,-12.9662543701589,0.16120276131628
1,-13.1749423188456,0.136931545939538,-11.8243224590675,-0.646323505264243
0,-14.4602032222474,-10.2006172902192,-13.7297757891639,-9.69965887004421
0,-15.7668630872369,-10.4723782491024,-15.1483114353277,-9.35976107285275
0,-18.0542417568468,-16.6432432383803,-17.5133821390787,-16.4105225850994
0,-15.4041902151437,-15.9839288240604,-17.4302537362394,-15.1242718144158
0,-12.4541792101064,-11.0314616322693,-13.7996217993543,-10.6731220127684
0,-12.3621585727719,-5.39180214169054,-12.8881660592473,-5.64723272627858
0,-14.2527211647961,-10.0445216970958,-13.6103675312584,-10.377868474332
0,-17.2422712230283,-17.6864615599258,-18.147432121931,-16.0634523252906
0,-12.7819966941381,-12.0842523244593,-14.5275980381189,-10.6052614049983
0,-16.8078667409893,-14.3203964604569,-16.1732683422999,-13.2552990124514
1,-16.2088883555418,-13.3015635330189,-16.2664627503189,-14.5423491556226
1,-16.967514697534,-14.7509237669817,-16.1524731838028,-14.9747475449781
1,-15.6858404480309,-13.3224203328781,-15.3709411315225,-13.1849998782561
0,-16.4855529895594,-18.6032665275299,-16.6069083859338,-18.1964298031826
0,-16.8666130037149,-14.8113989927501,-15.9554318687878,-17.0054794401924
1,-8.72495398887694,1.05217989067257,-9.54338315713866,0.843813568776277
0,-19.5731379786146,-17.3441259654044,-19.2304100409095,-18.2385781649655
0,-16.4143773206123,-15.256499775407,-15.5116903997122,-15.0414413765893
0,-10.5933297141361,-4.9611104696207,-12.2451878762578,-4.85424962817899
1,-15.3991910632185,-14.1347498512664,-16.9522307660279,-13.5703024052514
0,-18.1702738499918,-14.7656771234844,-17.5900703378064,-16.3053221995151
0,-16.1760774865732,-16.4595850254186,-16.3048081583576,-15.0883415621282
1,-12.9613571227608,-7.23328583260639,-13.3296605832384,-6.0332999959938
1,-16.2411670615228,-12.1393990772333,-15.585754289041,-13.4295251752342
0,-15.384175344398,-11.697201410132,-16.3893817143465,-13.7774977723935
1,-12.0878599762413,-5.77812319428538,-10.3259680878929,-6.63997861202284
0,-14.0543468682195,-15.8894604760068,-15.3830171958803,-15.883249273666
1,-15.3526746598847,-16.2351945368439,-16.8242917914377,-16.3872199119756
0,-13.1024945343822,-5.14982098523163,-12.4481824114098,-3.9949842771635
0,-16.3225183089061,-20.7461890766607,-16.2075474368077,-21.6273936289567
0,-20.0034144178371,-15.8514376744192,-20.9053298158238,-16.308810738543
0,-16.5808552431944,-16.6984637120464,-16.2878825940913,-17.506606768973
0,-17.2369338879453,-16.4714334444036,-16.0710671366815,-16.8418121978774
0,-14.0107712595107,-9.56523446299165,-13.7247072698717,-10.4208518959915
0,-18.7247220051059,-21.3927767623218,-18.1100411958819,-19.9086240454696
0,-14.8342473775941,-12.3623989262275,-16.0138617564086,-12.4325761336136
0,-17.419683320585,-18.8735130213967,-18.2522575099854,-18.1730235864087
0,-16.8110859218977,-13.1837624544234,-15.4792127902712,-13.1177493991899
0,-14.4516858608616,-13.7063700497718,-15.6620802640104,-15.0489411100129
0,-15.8346550892307,-11.413926758347,-15.2525598340473,-11.7292073580754
0,-13.8058420866623,-9.19390768458284,-13.9433439337128,-9.4106622446076
1,-20.314877440726,-13.5326599970457,-21.5670895977367,-13.8361089713452
0,-18.0695295690759,-16.2174036615945,-17.9948290304482,-16.6261640576498
0,-15.8035125466217,-14.6291699877542,-14.8672865673884,-13.6831833868663
1,-14.67626216966,-7.76091335086683,-14.5267842592447,-8.77532311888896
0,-15.2433701550641,-11.7553058101222,-15.9101291046527,-13.4462105090904
0,-18.8047400484001,-18.0594445446321,-18.1990381492693,-16.686684685664
1,-19.1275738444271,-28.1948030364149,-18.2565149591378,-26.0735418792407
1,-14.0254265129768,-8.71391984566351,-14.8812498433834,-9.24037868321685
1,-16.4078340784052,-14.4520236723741,-14.7453950621938,-14.3092603566888
1,-13.3863008649939,-14.7266122118316,-14.711820415066,-13.3216259220217
0,-17.1021025666909,-15.4436204085356,-16.0227025945266,-14.7071883290372
0,-14.3973075740704,-10.0881706420954,-13.0619153466281,-8.80428580894713
0,-19.0710758840139,-16.9340236437774,-22.0570893722837,-17.6071146469872
0,-17.5089980691307,-18.9417701966379,-18.4496135684417,-16.6722547957635
0,-19.9000151682139,-16.27686290683,-21.175232017515,-14.7678467570394
0,-15.5800619489276,-15.652884293976,-17.2520556940706,-16.150158255579
0,-15.1428303337675,-15.4373469550209,-15.7454183704976,-15.5395614243847
0,-13.6207046675385,-13.5957430117353,-14.4877924994599,-12.2265038072195
1,-16.1127701625389,-12.2134986684764,-15.6534241527761,-12.5082051610055
1,-16.9732590018987,-12.5752768089308,-17.1045671361355,-12.0316529728288
0,-16.0251893963096,-15.9222521443181,-15.7237936413994,-16.0815030305936
0,-15.2312148608345,-14.7789560324247,-15.1140994566614,-14.1930846146092
1,-14.3153897602679,-12.1159709356255,-14.7542761159555,-12.4948978012224
1,-14.9665346411252,-10.389146200724,-14.7267653959753,-11.6044237717882
0,-17.07609189377,-15.7737508893117,-19.9460601959068,-13.9077495349182
0,-18.118899442402,-14.8060414372211,-15.9797640232067,-14.897198108476
0,-13.5273212621447,-9.49007191321246,-13.8749255650823,-9.42002185242164
1,-15.0920855470133,-13.5897060660056,-14.9125158032718,-12.1257894371915
1,-16.8129521004331,-10.6906210386136,-15.3918831517106,-10.5693652804044
0,-14.2936084940774,-10.8819055747592,-15.0028928618312,-10.6111689903148
0,-14.8283725935988,-7.66683199674159,-14.048694567237,-10.0235289694891
0,-15.4402554028515,-13.6975760549897,-17.1339403749486,-14.5420927692744
0,-16.7860504119212,-14.0038927474214,-16.015783393904,-12.5875869150466
1,-17.2821559804018,-8.39472074830022,-15.7987043061297,-9.33951913434397
0,-18.2628216034404,-12.2443654110449,-17.9481958304369,-12.6460982875266
1,-17.1425667041224,-14.9102824843898,-17.6467471768531,-14.5392143523537
0,-15.5437997118975,-11.1071595098356,-15.0571444023812,-11.2457580686008
1,-16.9281754046677,-9.0284087981932,-16.3921232014147,-10.2876264217607
0,-14.6518851586006,-15.054141938318,-15.8426194783129,-14.7029697430717
0,-14.4832304831699,-11.3550771233525,-15.7225608905427,-10.7642398046464
0,-19.8845726021555,-11.4389792884317,-19.2617885560883,-12.4326270566593
0,-16.0054489321446,-13.6245808838729,-16.9716773350335,-15.1267802529977
0,-15.9342265870358,-10.9624079831026,-14.9752686493709,-13.1452860367519
0,-15.0033808792244,-13.4059683555631,-14.6245569366766,-11.9965577361651
0,-13.4389119084413,-8.8059942635772,-13.1145924266882,-7.3314621267339
0,-14.6823636586255,-15.4537755536491,-15.1280606426545,-15.0972525770265
1,-11.1682640337062,2.65744757380202,-10.5837407629441,1.86025165393087
0,-16.1187246634018,-11.1693668049931,-15.4107034475776,-11.4406328838598
0,-18.2388860250457,-19.596994535333,-16.8527800862108,-18.8608375566976
0,-15.9082151335266,-15.1874764760035,-15.7567691847065,-15.0073680060509
0,-14.7901580918339,-10.1818889667736,-15.9637454341015,-9.09860167032674
0,-13.9549823942183,-10.3213569982844,-14.8008719674654,-10.7385292999139
1,-12.1566685714294,-0.483273643736334,-11.672809190985,0.891272454060111
0,-13.6756428542203,-9.49370591424147,-14.3756414445162,-9.31717388260045
0,-16.5889490917298,-16.810409915278,-17.3804796157784,-16.6758654309907
0,-18.7765957118641,-13.8069519185075,-18.578736031604,-16.0616908107212
0,-16.6850845378689,-15.9210041668368,-16.5333155275435,-15.976494893559
0,-16.6685911280061,-11.8936944767265,-15.7921791386737,-11.9561024320255
0,-19.1790324461288,-11.7804204979459,-19.2581729869104,-10.260218834911
0,-17.1143584555895,-20.336167279109,-16.6840661812813,-19.4317998394032
1,-11.3094523852304,-5.18228751391452,-12.6448034087439,-3.72964132611224
0,-15.0734372179859,-16.5929595106498,-16.4070710411492,-16.7881290614923
0,-17.6459620113763,-14.4803846127104,-17.8906366050919,-13.6357920075413
0,-15.140859934174,-15.3321763661701,-17.1241129228074,-16.1916832600825
1,-16.4489181126747,-10.8548227312409,-15.1741797450202,-12.1298940292992
0,-13.2927498920557,-9.81859523871744,-13.8875146691863,-9.82603102320471
0,-17.7416135347284,-14.345210901627,-16.772220804994,-14.5966540263607
1,-15.3644507043864,-12.5855252151064,-15.4604895757024,-13.5726610673995
1,-15.283701404904,-13.2886831729824,-15.7406466356157,-13.2976610216193
0,-15.5940999051401,-11.9814967462859,-15.2873738368971,-10.852890585816
1,-12.6840870213843,-6.24766238767225,-13.1711551055227,-6.72741096839477
0,-16.1183496165672,-12.3416969937824,-14.8914107691608,-13.3949065192303
0,-15.1913536724189,-9.40082316701308,-15.0375378553148,-8.77247269140519
0,-6.11052446312494,11.2839303426015,-7.41607088988192,10.4569889645382
1,-17.2149181198758,-12.6718698117266,-16.5450756434931,-15.1553294851754
0,-14.0466205507912,-11.0087471069516,-15.1178184333918,-10.7647198175444
1,-15.7907785344638,-14.7144772894049,-16.0621362645258,-14.7182287640647
0,-18.6134395908625,-13.5850474080803,-17.5304422101392,-14.2973833124264
0,-13.9313192902442,-16.6864594016973,-15.1837067738055,-15.8469921268911
1,-16.8231113740805,-17.626898026575,-17.1179530037127,-18.0262576244595
0,-17.2843355175163,-15.0454861596797,-16.9781612676098,-15.0287270868885
1,-18.519818576363,-9.47053161185075,-18.0117395512955,-8.81805885996656
1,-16.2174653869044,-14.9356715407847,-17.2101639351738,-15.5376454349023
1,-16.9282600955002,-14.2878632876878,-16.4135834512496,-13.9771148650471
0,-15.6420375031433,-11.9849295300825,-15.3854304464735,-10.8317972275772
1,-14.2996569543271,-11.8986334854251,-16.0965219463972,-10.1558537684099
0,-14.3566914931186,-18.6459955939654,-15.2772870190615,-16.2743300502031
0,-14.3623110792416,-7.66590690364031,-14.8651519293209,-7.22412399419178
1,-15.3489856564434,-11.5559496145357,-15.7894604808633,-11.8383905077156
0,-16.7685664641234,-9.35182959142317,-15.7954243029586,-9.76960645295211
1,-16.0704736290783,-16.0226877747176,-16.2981219762531,-16.4455228550401
0,-17.494106635249,-16.561525258099,-16.2420185667887,-16.3463074015531
0,-11.7914158177021,-9.22585752350978,-13.9512717986942,-11.3412527681127
1,-12.5832575779778,-16.0601063754165,-13.6747992066374,-15.8667000126128
1,-14.9256165986922,-13.8480129150936,-14.788701897998,-12.4493249061222
0,-14.5764060824229,-10.4670544357248,-15.1753395761641,-11.9095501108367
0,-15.8623730963606,-15.1895110744487,-15.8831141681492,-13.8509907851813
0,-16.549647925444,-14.1794658880803,-15.317847764927,-13.9362636431738
0,-17.0716628152234,-13.5814951840342,-16.891043819298,-14.8213973367638
0,-17.7047468879936,-16.3485553366162,-17.2748673504603,-16.3155430898923
0,-17.7912729162077,-13.3180480210097,-17.9315328406269,-15.7121419668517
0,-14.0647430919409,-8.92877358362472,-13.5350524652953,-9.22547450872211
0,-15.0926047898109,-10.1751677873253,-15.4901309981,-11.416661166733
1,-13.0131339323425,-9.08192075048587,-13.9936799931061,-8.32900164253746
0,-13.0677541087756,-7.12662019990902,-12.0289831827268,-5.45414680204183
0,-12.3638827670717,-14.3711495014965,-14.2479879005305,-12.1138625046476
0,-15.7366204987146,-12.7133331638529,-15.5165832145014,-12.7433314216805
0,-14.9792999201274,-17.3885790193632,-16.3095159338734,-15.6190778933563
0,-18.7748260267781,-9.73493280607891,-16.6012629143379,-11.7452274670762
0,-12.8468633586544,-6.36968366712522,-13.9836719884018,-5.74631906352927
0,-13.0567758432685,-9.17763226394306,-13.7147732744747,-8.48441714747775
0,-16.7611877595728,-15.9593104209782,-16.819971610966,-15.6845345855974
0,-17.0669422562774,-16.8222373237352,-16.6383923700118,-15.5860985592875
0,-17.2046432818207,-15.1592659426261,-16.3179576790729,-15.8506063494213
0,-17.1466657398829,-14.9429164412689,-15.9843210461062,-14.4906384694858
0,-14.1578906836781,-16.7937680194434,-15.1536890225241,-16.7584330977539
1,-14.8606948696453,-10.4783219237434,-15.2430721457897,-11.2231644095923
0,-15.3494239522928,-15.770597719005,-16.2340396355984,-15.5008585338697
0,-16.4601942954828,-10.9129279230337,-15.2595002997925,-10.965631934967
0,-15.8851604717208,-16.2081025624155,-16.1232356581424,-16.8324566806436
1,-15.8088586224776,-13.1037745391421,-16.1675621565584,-13.9831901701238
0,-13.1545490954248,-6.99259042753161,-13.3850095877798,-6.73318555422373
1,-12.4346527363461,-5.62325176534543,-12.4823074183315,-5.46542892860848
0,-10.8898540535302,-2.27242164713362,-10.6058680228298,-0.54044929410965
0,-12.8779076414191,-9.50965679827922,-13.871212516807,-7.78493484132409
0,-15.969809450954,-14.3821827495737,-14.82473579926,-13.9756127108148
1,-13.7645285026419,-8.26585076005146,-13.199694236512,-8.6907606819523
1,-13.6413651788572,-13.8295297392261,-15.2319454674509,-14.2330473449095
1,-11.9544744538145,-11.8027987032591,-13.0408147170928,-11.7037376104207
1,-17.4472389571177,-14.9540617191127,-16.7058119747398,-15.0203538250918
1,-16.4142044767076,-12.90204265476,-15.326696599167,-13.3201355624923
0,-16.4221877598754,-12.6519033049085,-16.5737963340467,-14.1159897894163
1,-14.6183937749232,-14.2015042402768,-16.0159357452024,-14.0044950868177
1,-15.1818631179224,-18.0976587167783,-15.395576278027,-16.3222913658819
0,-13.6667649383775,-15.2006061774122,-15.4039673001043,-15.6552315619698
0,-14.1402167038529,-16.6695588162082,-14.5436030216568,-16.434952227163
0,-14.8677438113009,-12.1705265152963,-15.9465963319505,-11.8512385479553
0,-13.4118476595156,-4.45900747524048,-13.6385640653846,-5.25645757601035
1,-14.6422958064093,-4.85127189983849,-14.8698034571327,-4.49017396574122
1,-16.6213337494643,-11.6907524768305,-16.4957720048042,-11.9934758184049
0,-13.1447148527421,-11.5548042052467,-14.6447503746739,-11.1755570384116
1,-16.4291746897847,-13.6884732244766,-16.8707489892446,-13.7239780098911
0,-15.6952668804363,-15.7138838490363,-15.551065232148,-15.637639113721
0,-15.2834953151559,-12.7445109892741,-14.9426347930192,-13.7346124915752
1,-16.0160546876869,-6.43335233477658,-13.9412487743238,-6.16382829607296
1,-15.2298261769436,-17.1607521663499,-15.885354614377,-18.0712040503139
1,-14.6709358415586,-13.4960637239037,-14.8489783285529,-13.5250470468991
0,-15.8019778435805,-17.5663288946221,-16.4741839813143,-16.2547537679072
1,-17.2311273165031,-16.6116465465058,-16.013703631847,-15.2061786803386
0,-17.3291133532109,-12.9531111138929,-16.8347415905681,-12.0257154382872
0,-13.6546484413118,-9.59196128175681,-12.8882136757807,-11.4520437505943
1,-11.3343423282755,-0.605897825188829,-12.3245131642906,-1.60934003609645
0,-15.7579905320978,-14.2020822728461,-15.1351524674041,-13.4947370518357
0,-14.511523282199,-15.4545567479857,-16.0678745798308,-15.7493509685846
0,-17.3495181446924,-15.9306036745649,-16.4333009527815,-16.7096582580134
0,-16.3146651228651,-16.8809459911851,-15.1324939550711,-17.1141427770081
0,-14.619999705138,-15.713998964417,-16.1311489230298,-15.0222738913235
1,-14.7866874682331,-14.9885319277581,-14.5672678050503,-14.4079264258052
0,-16.6052517626833,-15.4348099467924,-16.4989307090116,-14.5960389952969
0,-15.6612243628023,-15.3319473994889,-15.8196918696807,-13.6168586451875
0,-18.8294399735319,-15.340105036293,-17.2311928855908,-15.7485426865787
1,-16.1243704961687,-6.28946543180914,-13.4418869850812,-5.8503111439573
0,-16.1299048850896,-15.8759947042098,-16.0010250890759,-16.5320973656317
1,-15.3719916917649,-18.4032449102304,-14.4052063706694,-16.5421917283934
1,-20.2348752091348,-18.1108905468393,-19.8380629851001,-15.1203361317736
0,-17.0544805931559,-17.1951898367699,-17.841532527156,-15.3769051280675
0,-16.4544424069262,-12.9580164154724,-16.1021496634373,-12.6364884608422
1,-14.3514280514519,-13.0922923527269,-15.9675770526349,-13.1970211179543
0,-17.0439697002273,-16.8561460308592,-16.8933143985759,-18.3893238707888
0,-17.2085216009043,-11.2778427739107,-16.1659374977215,-11.7705298810272
1,-15.9335729612451,-14.5772481724848,-14.9027092263887,-14.4259401727779
1,-16.5052509302766,-13.0808827959269,-15.8454317858187,-13.8061671748321
1,-17.2957148023449,-7.50087221174732,-15.421726335819,-8.66179413858354
0,-12.9654732928033,-9.24138731363949,-14.1465212232991,-8.66155143971334
1,-17.9536262716098,-15.041927014907,-17.4328029606092,-14.9184573368432
0,-14.6733251221602,-16.6031774320714,-16.3082405415311,-18.0453167464495
1,-16.1550266968057,-13.328148887744,-17.9652784957195,-13.115402051273
0,-15.7261413480236,-11.232677148333,-14.7731404857379,-9.22984377660092
0,-16.1329189127264,-10.5514278909139,-15.4493006398556,-11.2056628872119
0,-15.9730017366578,-13.224010359147,-15.4608628808758,-14.985203455225
0,-18.2988126274296,-13.958182851599,-17.5519379475659,-13.4192106674927
0,-16.4985063848388,-13.8099168722503,-16.0433939909867,-12.7354618943075
0,-18.509481705641,-10.0304814377858,-16.2726448078852,-11.0737674741784
0,-19.0000050527362,-16.4451151468829,-18.9528787368979,-17.3379069281089
1,-15.2674564547254,-10.715518406033,-16.5240610236038,-11.054855614537
0,-14.8154615274765,-17.3018056855534,-15.1733166247233,-17.7896045385817
1,-14.8316641049785,-17.4646529326747,-16.2229968680431,-16.592877204537
1,-16.8072374709586,-12.5838643856086,-17.0104328603263,-12.6602925719926
0,-17.8118026721827,-16.59907951419,-17.6741147212236,-16.8554370870278
1,-17.8002608443408,-16.119794224469,-17.0275964480953,-14.4653619754941
0,-15.9538360044627,-10.3431257998033,-16.7593344160292,-10.7158405738775
1,-17.2958589882131,-19.6619222937677,-16.0257802885539,-18.1607912842088
0,-18.6281224047419,-16.4196580853664,-17.0698109506125,-16.2013590262358
1,-17.801806613495,-15.2163843558815,-18.1576034448012,-15.5438458688868
0,-13.9859643368751,-8.89309856229666,-14.7226920380298,-9.03705367368791
0,-16.9790905092377,-14.1716796736143,-15.4281096869889,-13.9448208683761
0,-11.1574586182973,-3.20240248612832,-12.3070021447694,-4.3744205899831
0,-16.4365237566841,-13.2506209832795,-15.2788182619558,-13.7923885482096
0,-16.4825685669798,-12.274380891,-15.2687098764184,-13.4455420966711
0,-16.0703407053607,-9.267044796234,-15.1112236102735,-9.60571611816233
0,-16.9122222668449,-10.2286320096176,-15.3986379830635,-11.1493213452981
0,-18.0545015708071,-20.503641503286,-17.0013697803302,-20.3851840398936
0,-16.469646049986,-17.8001995568111,-16.9420707360298,-19.0303165327963
0,-18.9300311947819,-20.7817395539057,-18.1683306772441,-20.536890958423
0,-13.6183345076731,-15.3771507281296,-15.4937011617633,-16.1034300033178
0,-17.3286874826568,-17.1592389261285,-17.1020668483377,-18.0059506098171
0,-15.4892258329511,-13.2658535237336,-15.2428418810751,-14.9389431604395
0,-15.125760021669,-11.6267292039696,-15.458160612642,-11.3689470162568
0,-14.5819066419115,-19.1236612755819,-16.7005625735552,-18.7772956772083
1,-15.8225305435946,-15.6611228783839,-16.2475540469793,-15.9966194199807
1,-13.4659647629422,-12.8623556634649,-15.3241131677944,-12.8738291098958
1,-11.3806944038823,-8.61036558091985,-13.8229691017754,-9.7360616042778
0,-16.0172105226578,-15.3768644582523,-16.0768822442661,-14.1124262648145
0,-14.1412116389928,-13.7976703799535,-15.6947477067817,-13.9374915734807
0,-16.3543966370963,-15.2285106054572,-16.1733947885563,-14.7320751653235
1,-16.9545699753817,-15.36805651953,-15.865550442988,-15.2161077343146
0,-17.1269033892916,-17.1646406382962,-16.7691484775195,-16.6800443238928
0,-12.967007511678,-9.30732477308632,-14.2595621796427,-10.0010186890901
0,-13.8715699536152,-15.9444518516473,-15.3785188086394,-15.5661114240707
0,-15.1012930637609,-14.3680783392969,-14.8280787796464,-14.6718916144578
0,-14.5660463089366,-12.1761687859208,-16.4632341038262,-12.1938473485789
0,-13.439967207058,-14.9436164989533,-14.7402743946999,-14.2720101598122
0,-14.7745236817564,-13.6059260691148,-14.9332829615807,-16.0155297781534
0,-15.6091458881767,-9.81003395446159,-15.4000392948023,-10.0903350977755
0,-15.2448680634641,-17.0977632742146,-16.6435920056505,-16.6447828686174
0,-14.403479177424,-6.21186537607967,-14.7520440713378,-6.45225499222655
0,-15.5958652188842,-13.4933721538716,-15.5097705989412,-12.302344886214
0,-15.0948986973796,-11.3663569630907,-15.8954829456007,-13.9293811285256
1,-15.5290186583175,-18.3363391793627,-16.3521074625916,-18.0959417871792
0,-18.5975515510054,-18.1108087875979,-17.9569407267025,-17.4869433226778
0,-13.4559705809637,-2.98556760781514,-12.5363791049145,-4.2304563301758
1,-19.8120612650408,-7.05728678054473,-17.9106160137263,-7.86996945189286
0,-16.4810966514402,-15.2810249951809,-17.1064451492811,-15.7526792348122
0,-18.0809946827501,-15.7517621043109,-18.4572187530804,-15.97949437611
0,-15.9681483849366,-14.6838703182245,-16.3306626729393,-14.9489559236776
1,-15.4961500692787,-23.2352805202851,-17.4812654495686,-23.0398552440172
0,-14.580822971267,-15.6631724972921,-14.6057443294803,-15.7225699710931
0,-14.8903714473657,-4.58171545045322,-14.527258450803,-5.13861411958741
0,-16.6027060204342,-15.2110273988977,-15.9328512523419,-15.6314606367714
1,-17.9456672721975,-9.95905521504027,-15.5455963534565,-10.3445520809084
0,-14.3891316559937,-11.6068942985569,-15.3354002692611,-12.2830048398686
0,-15.4329829352214,-15.5764153249406,-15.7408299770507,-14.9838617094254
0,-17.4248944004324,-16.2182675931064,-17.0468923102193,-15.8220291446603
0,-13.2140273067665,-6.72604782881182,-13.0819387922932,-5.91288031819998
0,-14.6968054937878,-14.4716031143538,-15.6735697129499,-14.1480967652364
0,-16.617404302948,-13.1344097357278,-15.7880606131964,-13.8484599326929
0,-18.5437348484162,-11.2438286825586,-18.008466597107,-11.9852643070331
1,-17.1529371565328,-13.899292980158,-15.8494653341814,-14.9376093402561
0,-19.742011683489,-15.4081437631315,-18.0686351826915,-15.0658711735618
1,-16.3554735296822,-11.29122828196,-15.7970765298324,-11.1376748189569
0,-15.2624755028534,-13.7711595339897,-15.793198850313,-15.3568957087755
1,-14.3696843391564,-13.6828452768925,-15.0989236138455,-12.9011674863347
1,-14.5416030881235,-13.0585319536809,-15.689738618126,-13.2489092402258
1,-17.3847431900051,-13.3847182748357,-15.2560199370441,-12.8658164073711
0,-18.1950797580731,-18.9018689954017,-18.2734028366972,-17.6011035880678
1,-17.4366747686867,-11.6200511917827,-16.8702558978032,-11.0111306132798
0,-15.7274830570563,-16.5805804644872,-16.0601431119514,-15.8691121163947
1,-14.7309568364025,-13.1273405970933,-16.0371252487361,-12.169812621636
0,-14.816748246871,-13.3252247881996,-16.4543208494587,-13.871963425024
0,-17.0206630557579,-16.8233758309246,-16.7780527674326,-16.1046396940727
0,-13.9298247530666,-15.7376342291351,-15.1551137797,-14.66662752306
0,-13.4192933848557,-13.0390417647824,-14.1925284058309,-13.101509537335
1,-16.4142865904851,-12.471240991437,-16.2193954386816,-13.15538308488
1,-14.199500277373,-10.8054321530403,-14.792270224476,-10.1618850883974
1,-16.9645805385234,-18.8311879838454,-16.0336343410529,-17.646386178896
1,-13.8694512571817,-9.35691604538238,-14.7184895622722,-8.9437695071097
1,-17.5172076919273,-16.9253606280789,-17.8410040236621,-16.8406800876503
0,-18.5858514287218,-15.6343166482903,-17.3426410233439,-14.4161868929649
0,-13.3325387881661,-14.6516666982957,-13.6416117823842,-13.3465895487092
0,-17.0286924917759,-13.2244378025909,-17.8001863322832,-15.1184439453063
0,-7.98541890815761,4.93595543483681,-8.76123201759134,6.37614794542986
0,-14.4351319044265,-5.21326474205763,-15.1055736239292,-6.31900608559993
1,-16.5065408804733,-7.82883625312496,-16.1706944488783,-9.29984187697041
0,-19.5787610309244,-16.2740711668055,-17.940133181276,-16.41017265428
0,-18.3870316873688,-14.8044654657075,-18.0271732601783,-13.9148326489577
0,-15.2055438706819,-7.76090346943777,-14.4502326768993,-7.98508950159175
1,-16.8206642721345,-15.0106806582842,-15.0013221498665,-15.7685560395771
0,-16.7742996157825,-18.1741030029566,-17.4633764690765,-18.7975979497591
0,-17.0569536736858,-15.598309567544,-15.6768145368479,-14.6364408416121
1,-16.6791528357357,-13.9234258150291,-16.5665880587208,-14.1950398763885
1,-17.5256342497989,-15.5108715602741,-17.4975048052413,-16.6403658894103
0,-17.654255109716,-9.82021764742233,-17.4117833547255,-9.95279792276347
0,-17.5994194296527,-13.7320585489105,-17.629754585605,-13.8156802345691
0,-13.4607639067832,-10.4623247176698,-13.3526037271917,-10.6694990886566
0,-14.7702543660411,-10.7739477063515,-14.4245956389741,-12.0091863725024
0,-15.2516131085247,-11.0548693914838,-15.1139422709935,-11.5669379433063
0,-16.952746415902,-13.9457058740542,-17.4754714630882,-14.8671988685703
0,-16.3183835821497,-14.5101599771172,-18.0678967067131,-15.1135755202457
0,-16.1594761140154,-10.8359965175307,-15.2660462696078,-11.5899272336576
0,-12.4973188608428,0.120499425976079,-12.3877665636359,-1.30647434280243
1,-18.8532638114497,-14.5968466652993,-18.0618813906191,-13.5934881045163
0,-13.9767446963933,-13.8292079130518,-15.3374833840248,-15.3354831772227
0,-17.3186473445912,-16.3931517758856,-16.5446422985299,-16.2592264623336
0,-16.6375530334047,-11.3877800392268,-17.1139985815996,-11.2746675635742
0,-19.1250197661638,-11.5899845522956,-17.456529073637,-12.4689384754523
0,-20.0363671922414,-15.0514574997121,-17.9523476300067,-17.5495442605779
0,-13.1874147540354,-10.0305813121492,-14.3642073124191,-10.7610978353797
0,-19.4551031734591,-16.8924881033776,-17.007287085696,-16.1086737396854
0,-15.9130850203156,-9.07882924581011,-15.5690371647275,-10.9933988098158
0,-15.0466727973931,-12.6700238165822,-15.3045596341357,-13.1785704304487
1,-10.0024771431777,-0.398636444901996,-10.5867178414714,0.284596522423448
0,-19.5056050853405,-17.0041202341942,-17.7795443508038,-17.1362297766551
0,-17.6058907753745,-17.7997063515576,-17.6830941617415,-16.2617963289046
0,-15.5150136969193,-10.9462082250815,-14.0077591420375,-8.62421404097045
0,-13.4261304733761,-11.0062683471826,-14.0329449801474,-11.1378291801926
1,-16.9188105622911,-9.23866753038669,-15.8918396557581,-11.8041720973003
1,-14.8136873327835,-13.0163777936382,-16.4539173783982,-14.0638427559898
0,-14.6321490216814,-7.92904233163643,-14.9362015742752,-8.91018582448296
1,-12.6004035545423,-8.92522693524513,-14.2887069591886,-7.89115355828477
0,-16.3216252294834,-13.6716223436969,-15.9819787899188,-13.1787367442301
0,-19.1421177528431,-18.8915511944313,-17.613572850443,-17.0978097560338
0,-16.9516643744419,-22.3722388948821,-16.8239456672999,-23.2009219588117
0,-16.154307029706,-15.4326879513371,-15.9574598004788,-15.2665890342851
0,-17.9131288713329,-17.6925922223997,-17.0357468838887,-17.3484450025128
0,-16.0365046102247,-18.965697692958,-15.9213410957103,-19.8583450804012
0,-14.4192444038065,-13.1285355560672,-15.2715335941131,-11.5112495238701
0,-15.5540348000334,-16.595593621717,-16.4340863194628,-16.53105836544
0,-11.4236129968133,-5.07204586850783,-12.1287382788209,-4.3236767338695
0,-15.1842552053279,-11.3393888034979,-14.7804204834992,-10.4933033856071
1,-16.4093956678849,-14.2731253631459,-16.057981118961,-12.9240572145662
0,-15.8143957821951,-11.0897021965186,-15.6298507056078,-11.059322375422
1,-11.9841501562642,-4.72375377086718,-12.0026855300259,-4.18951457278234
0,-17.1548872509425,-13.6383940679902,-15.8784511023206,-13.4438427634555
0,-15.347229053403,-16.2246824548983,-16.151854854414,-15.8726594773565
0,-13.1580192162292,-7.80179140754901,-13.9397420611738,-7.54873612772784
0,-14.400598868309,-11.3607341384536,-15.2022510343782,-11.5958812922721
0,-19.7881979750273,-16.8760099360007,-18.2789905578314,-16.1441029161376
1,-16.4489170639011,-16.7096432820421,-16.9485098772866,-15.7103695435463
0,-13.7204028735035,-6.33549022571282,-13.8549128785247,-6.87995065351115
1,-13.3200714291827,-14.2119447233486,-14.5585591133009,-13.5705007104637
0,-14.3478524960347,-8.914100159113,-15.3327928304408,-11.2855550058354
0,-16.8262812686597,-17.9294380619861,-16.4353126211931,-17.869657409368
0,-13.1914482593484,-10.4998590873515,-13.7372146382719,-10.1382099063181
0,-14.8015000125989,-13.0387013431625,-15.1440390543936,-11.9833785972639
0,-16.8898600335685,-11.9715407282424,-16.1322085805339,-12.4063482387015
0,-15.3529717562134,-16.5028439724852,-15.4924430390835,-15.0696028962563
0,-15.3466296594064,-16.2958310458152,-15.5266629132469,-14.1903665729673
0,-15.9830990950814,-12.0469587062387,-15.7927995563916,-11.2323954666448
0,-19.4685436041091,-17.4214481448991,-17.3768905475003,-15.6372349372359
0,-17.3310002335498,-14.8904753614038,-17.3278519780247,-13.4074565336742
0,-15.3598124643937,-15.9523604105929,-15.9980676861434,-14.3246628992352
0,-15.9332615083678,-13.9766075951511,-16.2424619140261,-12.809225248825
0,-21.0354599944003,-12.1413098758577,-20.0653795175638,-12.255833860116
0,-16.9966388490244,-16.5031705072874,-16.0151091247671,-14.8372640499943
0,-9.54370542148738,-2.52225450183179,-10.5924722330734,-0.142315002856356
1,-15.8559693960974,-16.9190935380611,-15.412861784041,-16.2867954835838
0,-12.0219876893825,-5.73132405882429,-12.7704005514843,-4.92700568947745
0,-17.5376471545224,-14.7597145928354,-16.5148039752837,-14.9011685472066
0,-16.7956950396862,-19.3131099889217,-16.5704008215125,-18.0842863194751
0,-15.3309760395741,-15.9107067106421,-16.9284845245374,-16.0988414385907
0,-14.1239333261845,-13.0071359818735,-14.9095909967223,-12.9792426268446
1,-17.7934161195589,-3.25377661362037,-17.9462195969437,-2.68170903567279
0,-14.2206744025602,-5.7192399624726,-14.0787588113043,-5.11668838460091
0,-16.6275153488484,-14.497599008687,-17.7521211972564,-15.087278408008
0,-14.733010822324,-9.03809202630659,-13.8009321404896,-8.23051356603274
0,-16.487692395005,-12.6215468764252,-16.5230775704462,-13.3435791761559
0,-16.1691918729617,-14.3289326068446,-16.2516311234853,-14.7682291570111
0,-16.385659554186,-14.8627826015673,-15.9755305750217,-15.4511301072499
0,-14.7586467887637,-6.73209093610585,-16.1866403711506,-7.77388868965736
0,-16.334621200038,-12.9999300945563,-16.4235665155525,-14.4410306602424
0,-17.6712674575321,-16.024943220192,-17.4884347897097,-16.3764147461408
1,-16.0418458381127,-15.9927558908405,-16.4840588085901,-17.106021169973
0,-17.046506711562,-12.4336795725294,-15.6017365885723,-13.0740181970068
0,-17.9309818261472,-16.604553247891,-18.0319164601889,-15.5712640232097
1,-13.7033143044317,-13.3186549599787,-15.1730652620847,-13.3887224729229
1,-16.4101771162314,-17.1743994146397,-15.8465027027049,-16.3321473334707
1,-14.9609359397009,-15.6585993010339,-14.6348380853234,-16.7436120404017
1,-14.9032099395367,-17.1295092459751,-15.9240214652969,-16.4044203555583
1,-15.3636416472177,-10.52507927966,-14.599785670553,-11.0073708166315
0,-18.3272076660266,-16.0586390703436,-18.3449505939698,-16.0056845408343
0,-8.06016555346448,13.0390360528334,-6.83181607857729,14.1127431823716
1,-16.651394966019,-13.3433767984242,-15.8486876321555,-13.1250973107245
1,-17.2599021803308,-15.9796601950687,-18.6701443317754,-17.0398555681204
0,-13.8699947039777,-9.73681556966096,-14.7312408824937,-10.4409411926062
0,-14.9639142762917,-14.0705769982203,-17.0105701373489,-13.4208959734272
0,-13.5923215701045,-5.7299235709436,-13.3926743252646,-5.6357585199121
0,-18.7651413528169,-13.3624770015399,-18.3426742286236,-15.2642660396253
0,-11.9462392194696,-3.42973559873831,-13.388081340119,-2.95187616084375
0,-14.6019014513704,-14.2579314430339,-15.6002399572585,-13.1222807742713
0,-15.874437754627,-13.1840915045935,-14.8830654206567,-12.6310100653942
1,-14.8132547557195,-9.44440029191124,-15.947241716871,-8.49973970080887
0,-15.6105654935826,-15.6731914628391,-15.6779709110258,-14.041746673803
0,-16.7076024239261,-15.9310213082249,-17.4612016902869,-14.661074815789
1,-16.0605007389884,-13.762889484105,-15.1831172495375,-12.9242831311969
0,-11.7915615673224,-5.99836185113421,-12.3851120203554,-7.86324935874221
0,-16.4916111594547,-13.932993057818,-16.1746102003138,-12.9476108538316
1,-18.5810856330209,-13.9084707929537,-17.9576714749118,-14.2814329792
1,-17.2557875791072,-15.0687908726107,-17.7974095372584,-15.996393483976
0,-13.8994587510485,-14.7120378310278,-15.598724693179,-14.6566305012722
1,-14.7285191956727,-12.8278156288196,-14.8157489164729,-12.9402747418699
1,-17.3416902733618,-16.0973485683481,-16.8291509616636,-16.4000431517358
1,-13.9332876692724,-9.45458217576562,-13.8825161789101,-8.48186887019879
1,-15.9379442691228,-15.6491639529191,-16.5833318505905,-16.8727963221869
1,-15.9037036059514,-11.5261569846391,-15.0150594083195,-11.2731633595618
0,-18.5897990924178,-14.4760602174136,-18.4501309876378,-15.3401493821501
0,-18.2605127688628,-17.2100183504657,-17.6197493547534,-16.8451596562143
0,-15.4323842567626,-10.7192295121712,-14.4175758978711,-12.0322090330888
1,-13.5794826324936,-11.9832890970614,-14.8269294078212,-11.7744479303702
0,-16.7946573056257,-15.6486648934239,-16.9190064010016,-16.6071820310033
1,-12.8371216082719,-0.895249870958565,-13.0197324297213,-1.5473768101683
1,-15.2731406729413,-12.8907637696511,-16.2839490099242,-12.8236678013513
0,-17.0324954765648,-13.1759651825901,-15.7925568241459,-13.7932278269028
0,-17.2246681636431,-13.0198126633025,-17.1117735023202,-13.9574102272819
0,-14.2747727149484,-18.0580443743052,-15.9876576234737,-17.1899348476065
0,-15.2328638124138,-14.1777465695282,-15.9527653397114,-14.0492244297516
0,-15.0565483874737,-10.2935510702025,-15.8076798669167,-10.5946459567642
0,-16.2877771150211,-17.6782048963541,-17.0204355524275,-17.0854721525476
1,-16.0615176073216,-15.7058272272483,-15.7613660082811,-15.3678802493029
0,-19.2868745033067,-13.6825153518189,-18.4496570069982,-13.5118090791578
1,-14.7894638069553,-14.9954905866251,-15.5861174755845,-13.8480240028484
0,-17.2213647264608,-14.9978906595589,-16.6481613951564,-15.5198046824318
0,-13.2340119572619,-14.1049169684468,-14.4952486804334,-13.2965091163603
1,-19.963749877543,-15.5919336251079,-19.5826906916857,-15.5572985878243
0,-15.5279238083329,-16.3805939525465,-15.3503937214133,-15.7372280763325
0,-15.9989217183018,-12.8869462954067,-16.5578359810336,-12.8468051248252
1,-13.4666106020171,-6.55673385396354,-13.6547086439508,-5.53444826019642
0,-15.2372190985343,-13.3942478275052,-15.024396682347,-13.1045300548724
0,-16.3321155411178,-18.3985237899245,-16.3697224432299,-16.5718926910745
0,-21.6308167237435,-14.1732625812359,-21.5256357704787,-15.3410787875909
0,-17.9453677420363,-14.3368573518807,-17.3564350477938,-14.7052116766289
0,-18.8229835126394,-18.355654976855,-19.2172353123972,-17.5172040085344
1,-20.1493271035658,-15.6484484638178,-17.4328630697979,-16.2017890287243
0,-14.1676430354657,-8.22190904201246,-14.0973946618424,-7.34769914701638
1,-15.4657823488906,-9.54889176845448,-14.8702173479569,-9.88650165304929
0,-17.6604496568676,-14.7193243070517,-16.8493618479845,-16.4220320131381
1,-15.060312240607,-6.74274184180925,-14.5099894429755,-7.10125564348915
0,-15.6939483788339,-10.6442750264821,-15.7542377122554,-10.7415969337069
1,-21.3468235784333,-16.0961989774026,-19.6763407687218,-16.5944797871811
1,-20.1564462932484,-15.3148912144847,-19.5868856067691,-15.728359779153
0,-11.8639423440331,-0.953209750675606,-11.3547863193237,-1.34232553319014
0,-15.6712702075706,-15.5425260550883,-16.0537782044492,-14.3743037669145
0,-12.1934036635216,-9.30819393098059,-12.166267779163,-10.0164388817119
0,-16.2330480991607,-14.6377042141959,-16.6239658140111,-15.2207665875067
1,-14.3328661505073,-12.1200059968946,-14.9065530882333,-11.8226189394215
0,-17.9344053067429,-13.3276693212272,-16.4761780847319,-14.304219399118
1,-14.5607166454117,-9.40396593870908,-16.3482588190862,-11.0196591661266
0,-17.4203777091223,-14.3272209003767,-17.3845092892187,-15.4918874500936
1,-15.1687390337954,-15.1808881076394,-15.7408205222032,-14.6152902280023
0,-17.6327270371927,-10.2021145898453,-17.6957632791239,-11.0079176015082
0,-15.102246260168,-9.02457634148223,-13.4206444634827,-9.26254483810134
0,-13.3895081785592,-10.7418581057737,-14.3746009656383,-9.74971475820467
0,-20.0297183639874,-12.2866592856734,-19.88621292455,-14.5122328569011
0,-15.2804243549022,-13.1468564022339,-15.2461919219342,-13.3270070839586
0,-14.8950185862485,-14.6810119131198,-16.4609663729326,-15.2887874242313
0,-14.6657620023009,-13.1156405328497,-13.583599878743,-12.7366188319677
0,-14.8992583688854,-9.62492629145861,-14.5409941527528,-10.8062187655573
1,-16.6433221316805,-15.730579145542,-16.1728494382346,-13.8702550323471
0,-17.312711083253,-14.6293752389906,-17.5847129290804,-15.3944358521189
0,-16.9950711521364,-11.9963787776904,-16.0949707134129,-13.0054342451672
0,-16.7533257454773,-16.4495498493868,-17.2286600861065,-17.4608440383604
0,-14.6062914603245,-8.11022031324112,-13.480025903963,-8.29410962310252
0,-16.2558953198338,-18.7925730243115,-16.0876478214512,-16.2204786425685
1,-16.6033656245551,-13.7336389701521,-15.9889858228462,-13.355950682421
0,-14.6584042887985,-10.5085608990879,-15.2939236448582,-11.0806242769247
1,-16.0936041978694,-15.7367576643167,-16.0932483771041,-15.4101734835028
0,-14.4363110565134,-7.68977246001272,-12.9523421196785,-7.47449017750948
0,-17.1810967962006,-12.1928243914674,-16.0984572955163,-12.4057652065069
1,-16.7842165951175,-13.4699718137557,-16.4367851078773,-13.84689311278
0,-20.0233905302535,-13.186216470194,-17.8811379630553,-14.0928681361428
0,-15.1003616381716,-10.7426298394509,-15.549876817677,-10.5803708798958
1,-16.9995281849381,-16.6770692043112,-16.4229632942385,-15.4527079633764
1,-14.9561862433674,-11.465674671318,-15.7826262764479,-12.6214889471353
0,-17.1853590742081,-10.0071610668465,-16.5763269082532,-9.6151981147729
1,-16.2634029152295,-14.2443947795078,-15.3860702272679,-13.5451157581185
0,-16.3636399457036,-13.4203690971199,-16.9174106245787,-15.9028609226905
0,-15.7674379878936,-14.4034167583696,-15.2819068294925,-14.5433152335538
0,-15.3012163794162,-15.1186196246245,-15.2028313068998,-14.9099815226377
1,-10.1652383815972,6.23717397574263,-10.3658792334519,4.8668752602778
1,-14.6117232144091,-6.44213604016952,-14.1000138381891,-7.53579000499976
0,-14.1517794914613,-8.10385197306223,-13.7688284696642,-8.25117573206596
0,-16.6826928226084,-12.9753087691799,-17.9002419588294,-14.6319658121472
1,-14.4398010045512,-9.40333388686678,-15.2637083332241,-10.7602864753204
1,-13.4769312034687,-11.0026106127202,-14.8530616734317,-10.9008726765233
0,-17.3296025461026,-15.129537773457,-16.2884794693979,-14.7805645548935
0,-18.9843586362079,-15.8912149653716,-16.5681098993387,-16.0905906388809
0,-16.1508962638301,-15.692546797841,-15.5920311635593,-16.0543098442614
0,-13.9590548013381,-5.95251751265103,-13.0879401548016,-6.29073662836265
1,-14.3672142941937,-11.0651421147078,-13.9674056440143,-10.866729158116
1,-17.5653077893314,-13.4856990076949,-17.0591543450348,-13.7430256622734
0,-18.028536528199,-15.2561259531043,-17.7789473793697,-15.4807590436184
0,-12.4316694998513,-6.33733344822017,-12.6799009933533,-7.85500361601247
0,-12.8062512796396,-4.48473349050112,-10.9834520251785,-6.70250465255591
0,-14.6229351660613,-12.6153765210251,-15.1718078827603,-12.4784999862076
0,-16.8174326120081,-14.887817960354,-15.4836577577075,-15.8018292838837
0,-17.7402127314207,-14.8174421339325,-19.0760264569401,-15.9653283825884
0,-15.5100191246904,-15.4353739447269,-16.1877832344791,-15.0589142937848
1,-19.2867160148158,-13.7206093919157,-18.1182994111821,-12.0117567179398
0,-13.1319712917249,-9.40506043717525,-13.7764530367873,-8.61052599169911
0,-18.4607250335509,-20.3905948449972,-17.6152234716915,-21.1890544022678
0,-12.6536951657741,-6.64618041911138,-12.5119102243043,-7.51952725484189
0,-13.5349618756039,-12.8223513407864,-14.5478446764898,-11.7431385656874
0,-15.7628624255035,-9.11340403237378,-15.3801349290601,-9.05668190187954
0,-15.1336657283523,-11.1172289868818,-15.8351494385848,-10.7728306222985
1,-15.2884241662687,-7.25652736319535,-13.9082583128582,-6.82494625280372
0,-17.2564856792537,-14.7914653672651,-17.762863281628,-14.8592125751414
0,-16.2652666224876,-17.0869511336496,-16.4137029393899,-15.6446263223986
0,-19.6806917747167,-14.7063178735486,-18.1346037926068,-16.8854010914847
0,-15.3821199691854,-13.6877416919932,-14.7973519622822,-12.6408272225523
0,-13.2690649758111,-10.4218476145062,-14.8769372851765,-10.5975256471609
1,-14.7765951531704,-10.218646569599,-14.6158277857908,-9.80707194393517
0,-11.7382827360174,-4.848456327369,-11.8961474599059,-4.62763290693432
1,-13.2960165538012,-14.8294556877717,-14.9619665371197,-13.3904069395097
1,-14.8202460776197,-17.2499405110027,-16.4161538699649,-16.6616271729957
0,-10.2124910519843,-2.09280399967335,-11.3333617046304,-2.75876450198687
0,-15.4939269034808,-14.9378306077043,-16.089227046372,-14.3199356014439
1,-14.7424019894148,-11.8075109691918,-14.8007073302307,-11.9556853436861
0,-13.0541450800811,-3.64851466884211,-12.9505242934292,-4.69108805478545
1,-16.7937613101378,-13.5962859149439,-14.7681921356786,-12.5318792134602
0,-13.6582750924613,-12.3850652027377,-14.2442772280546,-13.7409334300759
1,-16.9445570892619,-17.944389858495,-17.3139838582155,-16.8928034585383
0,-17.4478776634927,-13.5751703800874,-17.2052461826758,-14.862628035554
0,-19.745657348973,-13.6187186619497,-18.3838438480288,-16.0165192503441
0,-14.5570236773946,-9.19387057482212,-14.074241874201,-9.65017130556445
1,-17.2622799554625,-13.9004402687813,-16.7735573273552,-13.729570874894
0,-18.1591960154816,-12.5919310952417,-16.7096219656818,-13.710199518935
0,-14.3585893203679,-3.15946639376427,-13.5356739217735,-3.19965261900734
0,-16.0668898635541,-13.7992023290942,-15.687981628067,-12.4990616319476
0,-15.5450177019522,-16.1689852296118,-16.1166514610024,-15.6853222912902
1,-13.1338196513262,-0.447233848900709,-12.4902259624244,-0.628759420635336
0,-11.2501434387713,-6.12530077537113,-11.5172795895534,-6.43408382589944
0,-18.103253664072,-12.6378019410584,-17.0393596478972,-13.4439319612421
0,-15.5968446683173,-12.0527077366457,-15.1846452064605,-11.228009756392
1,-15.5393381773416,-14.8570983565994,-15.3411970572902,-13.8083618612503
0,-15.6890128329435,-15.210888256558,-14.3782476026254,-13.5387248867943
1,-15.6000331929053,-8.48659723864813,-14.2778360174742,-8.86671177746877
0,-12.3332173024135,-7.12273787825642,-12.4466766392654,-5.82444667494522
0,-15.8854290445318,-12.2289504542555,-15.235544390795,-12.37979640767
0,-15.9684149335471,-20.5523257512749,-16.0823252309681,-21.1363593943788
1,-16.0947638449744,-13.4096261030424,-15.4104238193876,-12.939603717643
1,-13.3937765560279,-15.6751981245437,-14.6668984960726,-15.8066226367761
1,-15.3140063642915,-16.2913042934192,-15.9615192425748,-16.1511427978526
0,-14.1018627573334,-12.3270150793247,-13.6769046753905,-13.7015165939673
1,-16.8244238142806,-14.5935722844499,-16.1175518778644,-14.5759531950971
1,-15.5374973775756,-11.4294109392244,-14.9905797471239,-11.2599282391033
0,-16.2154515783236,-12.5021006335135,-15.3796128904847,-13.4087018860514
0,-17.6478362358985,-12.9553812631061,-15.0924049043382,-13.2033988417874
1,-16.3422950116789,-13.6317586368854,-15.8093150403149,-14.281035131295
0,-14.7815778075004,-10.4453426671041,-14.85449744177,-11.133849837905
0,-14.2981687470341,-7.46885420535602,-13.7180609794407,-9.07402568771363
0,-16.1852869548319,-12.979295151653,-16.1929099082678,-14.2502395876917
0,-16.1289668023439,-24.8766882247575,-18.1394526084869,-24.9066363098927
0,-19.1611533218039,-20.8689146694996,-18.7652935791166,-19.9267237767869
0,-14.2244213262231,-12.8533175354368,-16.234644639876,-13.2474814628601
1,-15.8924479073652,-11.235719329618,-14.7973006334294,-12.9676372126914
1,-16.9302101619852,-11.135120580916,-16.6145731614241,-10.5537068137096
0,-16.7976532048184,-9.01420765284959,-15.3095670989483,-9.86114303648214
0,-16.028084371352,-14.830430363306,-16.1221098286828,-14.8877491788359
1,-15.0200278799871,-8.42018296162023,-14.4816770169236,-7.00464998568238
0,-9.41618574783634,0.575516849947649,-10.0406756165223,0.115054007712573
0,-14.3198739356613,-12.7620849038396,-13.5123236199829,-12.7877934447609
0,-14.8467972505457,-9.64373420607123,-14.3930047458535,-9.94344419824859
0,-16.8374684139596,-14.8389718656624,-16.1486070559425,-13.5380301336792
1,-14.6358938207811,-15.0894524365952,-15.3135888858366,-14.6812130516664
1,-16.2947084119843,-14.411543594894,-15.8387073715381,-13.0950018576613
1,-18.8462047495726,-14.769846279832,-18.7292763981606,-14.5507086926129
1,-16.9524369712087,-16.4856249122399,-16.6125266512341,-16.9752750113358
1,-18.1888866263099,-14.6015245270997,-18.9435927950529,-15.6109400959611
0,-15.2431268581804,-8.85023785362428,-14.9842139415762,-10.06616241756
0,-13.2071137663821,-12.4705532939096,-14.3548960604672,-13.3270737841599
0,-14.2044287816843,-8.88597111047283,-15.5554539927015,-8.71637160229908
1,-14.9690549110536,-11.0477628826368,-14.9166838014053,-11.2652827163492
1,-17.3744848228611,-13.3573812857125,-16.7140412301631,-12.6287921950612
0,-11.4291180252534,-8.32645498997883,-11.7880842543761,-8.22565029075053
0,-13.2155104373461,-11.8302656696725,-15.1180935045011,-10.7793149668617
1,-17.4241547917061,-14.3918283888639,-16.8117843889771,-14.1057054144485
0,-16.9408736268312,-12.5490440461354,-15.7017416914419,-12.0245805048021
0,-15.3075899999215,-13.5541925689995,-15.6610294174884,-12.1390618023743
0,-15.4340510713037,-15.8881739296908,-16.6203139058578,-16.0920964659919
1,-16.0113691638858,-9.47789060940001,-16.3734623913029,-9.86383376249178
0,-17.9860065578264,-11.9581572065246,-17.0962486548782,-11.7806556145036
0,-18.0775639335107,-15.7731527801907,-16.3970182129654,-14.7324511397123
0,-16.6073553159491,-16.9103379641748,-17.0143702378937,-16.3840909451265
1,-15.4455649481715,-10.7062673230212,-15.3244199312263,-10.9320179985219
0,-16.0980185432923,-13.9717524654974,-16.8389727011769,-14.9439912123026
1,-16.6608004283648,-19.4461962568598,-16.1108148816532,-18.064443151687
0,-13.9023611943301,-12.1366083549895,-13.8057410934202,-11.7232660748133
1,-14.2481707517852,-15.5868664900661,-15.0289016334411,-14.1718494731576
1,-14.8391034926772,-12.3113332099951,-14.9630410946686,-13.3285729931657
1,-15.001323116676,-16.9511127494358,-16.257184011958,-16.831577655224
1,-14.8851088106218,-15.7943276875466,-15.2800585453724,-15.6193450783698
1,-12.9600275515508,-7.1074982480635,-14.6950141148235,-7.58828425334034
1,-16.9117115814106,-18.6618346680294,-18.4703976670915,-18.638360361323
0,-16.3348512633205,-14.0448909287297,-15.3822976737815,-13.4280005787928
0,-11.215635684903,-7.84218488284768,-11.7432355736566,-8.46559798732039
0,-10.8205311155623,4.08324880551259,-11.0444237898523,4.43080861062288
0,-19.0573471576749,-16.8837999817955,-17.1900030593425,-16.2326444921459
1,-16.0871029627117,-14.8777010214145,-15.9826420607815,-15.1183161623721
0,-13.8879378886471,-13.7203889013417,-14.9866492197614,-14.2709471330986
0,-16.5933623072154,-16.749966400743,-16.0809797857249,-15.3229534614433
0,-19.2650619904875,-16.8551886671197,-19.0578269481019,-16.7474970321021
1,-14.3833433493512,-12.0828942637458,-15.7390787385019,-13.3598541048242
1,-13.7936695144105,-3.55308807764237,-12.1505502729392,-3.61032239618423
0,-14.2713828597605,-12.8804406092239,-15.2801139827226,-13.7891999676692
0,-16.3271540645632,-15.0981045020956,-15.1685834009361,-14.4399619866565
0,-13.0548197511988,-7.98210433166869,-14.1514194577921,-8.41937335190107
0,-12.575149478088,-5.73575756282017,-13.5453980881503,-5.28347041069039
0,-22.939604638744,-18.433327714381,-22.9177451693906,-20.8622224501851
1,-16.7740393956512,-10.6354450116,-16.0599051404611,-12.2497329361199
0,-12.9711161151693,-11.0540283636984,-14.642725172662,-11.6498606420443
0,-20.1596001283039,-17.9985055701921,-20.2614186868013,-18.6393649042629
0,-14.9258300269503,-7.78546559422141,-14.4507072287169,-8.01956671370111
1,-12.3700719406185,-7.2677586768617,-13.4850343596034,-6.65358134116092
1,-17.5214533306321,-10.8490886856282,-15.0393143836383,-11.2325396441645
0,-13.7646506525467,-12.0056016778912,-13.6514742923514,-10.5909331969282
1,-15.8242595406563,-15.8407496044584,-15.4611690424467,-14.6614705006218
0,-16.754909111897,-13.4798947082114,-15.5552027057134,-13.5808626093896
0,-14.79625595364,-12.522434853674,-15.2511194184164,-12.1191744901193
0,-15.2355437607169,-16.3437881359452,-16.1262126838265,-15.2111054773284
0,-17.0843772589693,-14.2203962965319,-14.3665822248022,-13.2184231634135
0,-17.8280863444123,-14.1927536289376,-17.1215649954939,-14.5076925874755
0,-17.0494741831341,-16.8492960698462,-15.8646397141011,-17.5967420477408
1,-15.8865090955446,-12.6512995881618,-15.6884012312808,-10.7587911463163
1,-15.1132500489552,-9.08836038121204,-15.2356327256158,-10.4570618123764
0,-15.6232664625766,-8.58950924156736,-15.4714054295535,-8.28711341472598
0,-15.2624381431166,-15.9314687485996,-16.2995830473809,-15.2517054783622
0,-14.6670166220263,-15.15651327901,-15.6070339225973,-14.7397393127025
1,-16.1734859414906,-13.7811197948098,-16.8236607356407,-13.5739371172492
0,-15.087086523575,-9.35388213515123,-14.5723113349738,-8.82027037284032
0,-13.3005773921851,-11.2450700818712,-13.170703734813,-11.9283891042574
1,-15.9857073003182,-14.4067531843913,-15.0634138472975,-13.965925768508
0,-17.0229212842136,-17.6945915859787,-17.6381566308577,-17.1079482365714
0,-17.3371326986093,-17.2173092069348,-16.6153423874953,-16.377377979948
1,-18.0936148529001,-14.1909231925843,-16.5463966120319,-15.0050008759556
0,-14.9687019985421,-14.209178451192,-15.3059920731455,-14.3269103657497
0,-14.9979832841431,-14.8863204605273,-16.6657128206621,-13.9649300379485
1,-13.0727076222381,-10.7971484422855,-13.1340874771115,-9.56849676062245
0,-17.3406145091402,-18.5255081917272,-16.1689737743641,-16.9166513787006
1,-9.83174096664066,7.69036128925114,-10.4631477899533,8.89782582730057
0,-9.05076984539493,7.30714453116996,-8.93899053766892,6.37640794383898
0,-13.793276432229,-15.299556286919,-16.5796489611327,-14.9561662108969
0,-11.4448940407431,-8.67032574190141,-12.1854915503382,-6.54300332867363
0,-16.429730858005,-14.8106106477983,-15.6385848250505,-14.691157466049
1,-15.0314454460889,-14.6427352089363,-16.4324816308866,-14.5507177923388
1,-17.8047335758664,-17.5402160980278,-16.9489820922047,-16.7728784254375
1,-14.8612588569687,-7.93988297079197,-13.5168745736496,-9.20392370722204
1,-15.0481610721689,-15.8030975605387,-15.7212482899239,-15.4787614184248
1,-15.1043221966082,-14.6984953801491,-15.6024114099232,-14.4774491229064
0,-18.0893951309279,-24.0473804249261,-18.4418921300164,-21.4553765339437
0,-17.9242311514709,-17.3234066044045,-17.283437783807,-15.6095048828752
0,-14.8650943269849,-11.7418381785485,-15.9294426991821,-10.1734306346922
0,-16.390054522475,-16.0708805527528,-15.343595307459,-14.4377226513172
1,-15.4199316563443,-9.2775446163858,-14.1418959959076,-8.35578495057661
0,-14.8152735886332,-11.7392097887736,-16.0952830953929,-11.1132285179335
1,-16.2762304827654,-18.7489729507256,-16.7076617463121,-19.4293227505023
0,-17.2970094328716,-14.0237304314386,-17.5873130601975,-14.9091137797362
1,-16.0907094334004,-13.6321729153724,-16.0530526031875,-14.6911665359946
0,-15.162729449366,-17.2427710488372,-15.5617339300193,-17.1445402533198
0,-13.6964195511473,-8.60912189561403,-14.2532274278281,-7.74256957121909
0,-18.9201261109155,-16.5783218905137,-18.7170138233356,-15.588349789681
0,-15.5044295366869,-5.46238494009533,-15.4181439886327,-6.35457360265679
1,-13.7590877198429,-7.95563047851294,-14.6256770452761,-9.24769953486089
0,-13.0645799409449,-15.6769002692791,-15.2164166680307,-16.4652258537306
1,-17.5851670662745,-16.196943018181,-15.756459944303,-15.4319264451741
0,-17.7138631581635,-11.7179396394724,-16.5819902086673,-12.3112658372061
1,-10.7215318535665,2.60100082651856,-11.7097240899329,0.706099749990717
0,-15.8508977718436,-14.7274170977066,-16.1938495048641,-16.1666894303239
1,-18.041122297193,-15.8345875145032,-18.2911762989248,-17.3680919683147
0,-13.1235639972605,-3.80369136162352,-12.7764750976654,-5.17352736072685
0,-16.5835482342192,-16.3552228216648,-17.2656670799594,-15.8627637335311
0,-13.3664541669803,-0.2826321678935,-12.1766013324839,-0.293993877909378
0,-15.1053264909809,-12.0646749649689,-14.1862074014394,-12.5268124026191
0,-16.2122288882954,-6.94410089534382,-16.1214756715646,-7.85024786498083
0,-16.6940475809538,-10.4815746093702,-15.0098421234324,-11.8467182977379
0,-16.3023599857086,-13.0042843076763,-15.9669346125457,-12.3552498811567
0,-13.5170761452489,-12.5171151544834,-14.2375026247937,-12.6580765752822
0,-12.2780815876234,-11.8806853902641,-13.2321806077539,-11.8937688686175
1,-17.3404059126852,-13.0318239174394,-15.0602818821352,-13.4723260449776
0,-13.2723537350236,-6.21488631854856,-13.1602031768773,-7.3725443596721
0,-15.1302087779073,-14.7353275546405,-16.2466996728274,-15.544202128673
1,-16.6549283646894,-13.7422171665416,-15.3834349219408,-14.9046215467625
0,-15.3949738306861,-15.4000639025881,-16.6876020574556,-15.3107220682329
0,-13.8872778431653,-15.5158739639659,-14.7712425190582,-14.6353030298061
0,-17.6213166500708,-16.9408079677184,-16.5970515190955,-15.1944512806605
1,-16.9913637769142,-14.2679070698389,-15.8563173656137,-16.6813341554194
0,-16.2391470409005,-14.5453201081621,-15.5757964198557,-13.4104783807259
0,-16.8487428588382,-15.0902903919394,-16.2779925096984,-15.0196680013129
1,-15.1868543034007,-15.3540469684286,-15.162731343066,-15.2014395915746
0,-17.0701168212271,-19.625981808264,-16.8350193112106,-19.2533457365689
0,-15.380343719328,-15.0840582834776,-15.7723491348358,-13.2999399068657
0,-13.7748431070174,-10.5190890388068,-14.0790286862621,-11.0429563783176
0,-12.8853605759061,-8.50502720536822,-14.4913515162478,-10.240933944231
0,-17.5543121402366,-14.5145414875854,-15.9607145633592,-14.7777696151176
0,-17.834835513016,-16.414238893931,-16.6476339616709,-16.621930186551
0,-20.4721953698337,-14.8198516776497,-18.7743004709378,-14.1651583390876
0,-14.5972740262104,-9.32560221404071,-13.8751065773074,-8.37174268827794
0,-16.8544352067945,-15.5908626622755,-17.297014663573,-15.5748107373665
1,-26.9712906215933,-24.789267072667,-25.6871654823392,-25.4800365784017
1,-13.2368182969439,-9.1806251317325,-14.0568710722517,-9.15569609211296
0,-14.650898158513,-12.9525269002565,-14.1659913077914,-11.859992712674
0,-14.1531222616417,-15.2388312486987,-15.8763737905158,-13.7088259979526
1,-14.1647697689493,-9.75857142224252,-14.9301834764098,-10.5703636924128
1,-16.961502943717,-12.1786298920131,-16.5036793850754,-11.7841021285252
1,-17.2560717864463,-9.2593637561302,-15.8444340713548,-10.47587554026
0,-12.636842060685,-8.94453015591528,-13.5786135305644,-10.7926793425399
0,-13.9627348235847,-15.3787468490298,-14.967862427293,-15.7650125186535
1,-17.0013390737625,-7.08330474749912,-16.641204410938,-6.58252512088484
0,-16.8309540023547,-14.5821517832361,-14.983078302654,-13.5352122527172
0,-14.0582756752982,-14.2385304844891,-15.3285029608866,-14.9658718753495
0,-12.7538341469654,-8.04077573039583,-13.8185833168262,-7.8816185454698
1,-15.8818701699929,-13.7894871891078,-16.563869711498,-11.9524560167201
0,-14.3157242394365,-10.3174160137483,-15.2861407106166,-10.9911894067821
0,-13.5225957770178,-13.7636288089784,-15.9038350775102,-13.0325533183974
1,-16.6015311846617,-6.80504251650342,-15.1480040049741,-7.31021157303759
0,-15.8506861147815,-8.90488679951254,-15.4969809628913,-11.0504289423105
0,-16.8228744476686,-18.5219346443295,-17.1132316942102,-17.7018122129807
1,-15.1705353107898,-14.8834096219076,-15.6418721271688,-13.3383553387033
0,-11.2900030593718,-4.52246432310066,-12.6964275019946,-4.35654862699036
0,-15.5858669519808,-11.7615866104578,-14.8325564278512,-12.3875599903743
0,-15.9271527625375,-10.9800508414599,-15.4478473325089,-11.506749322731
0,-14.0736151598327,-12.6489901138582,-14.7997179751486,-13.055736763691
0,-12.3193787686483,-5.34579903067227,-12.6107667873618,-3.84260181288675
1,-12.3457009861311,-11.1795548724155,-13.2248097459887,-12.0075264513073
0,-17.0139344702704,-16.0332826703854,-15.9679300108951,-14.9534953835811
0,-10.793905657973,-0.531646028932969,-9.3125761805824,-1.46276750611451
1,-16.5022198187753,-14.5179022928936,-16.6177537900862,-14.838494669872
1,-16.1991449499457,-11.7933950339758,-15.2923285065068,-11.2327144657294
1,-17.4554746449826,-17.9376761436961,-17.713308347985,-16.4270877610864
0,-12.2871329971259,-7.01116060367359,-12.2681935066803,-5.16037251978962
0,-16.1789110585693,-15.5342332348839,-16.8156742419101,-15.4561867124705
0,-15.6214503464347,-12.25891703807,-14.3586932932201,-13.2087698657679
0,-17.3574211120671,-14.0582330085317,-15.3390965238375,-13.5421440727329
1,-18.3975007468734,-13.5207380190037,-16.452391800485,-14.9171131780589
0,-16.1689355233359,-18.1710036326456,-17.552667540353,-17.8694728578227
0,-14.4057903795381,-11.0373078096023,-14.472661515776,-9.72821298544311
1,-17.5306064940874,-10.6277513830271,-16.4403089888038,-12.0483766581163
1,-14.5212527919862,-7.76894927901738,-15.5621816184395,-8.64986249384206
0,-16.4328608179791,-17.0851862147873,-16.68568238918,-16.5429658504299
1,-13.9787978755981,-14.4739259098886,-15.050776087648,-14.5748850022343
0,-14.9911625354291,-8.94312892887389,-15.5402425018583,-9.25170897704088
0,-18.3342242050864,-12.5623353984185,-19.4773650299984,-12.4825049568073
0,-13.8912531199243,-17.4213484361954,-13.2220746732938,-17.1320344379059
0,-13.0657426459175,-12.7646640171861,-13.9909690240928,-13.8304058715007
0,-15.8552128996096,-10.571148230136,-14.3840915900296,-11.5111460817864
0,-15.6841405162136,-13.199670676578,-15.0087742545838,-12.8643890204556
0,-18.7293007893814,-14.4955623175371,-16.3852255521296,-15.2619081192439
0,-15.2365392992194,-10.9900668396406,-15.4688209566196,-10.9814176138973
0,-17.6340124985057,-17.34098350496,-16.7627146029444,-16.5867491951016
0,-14.6371823063961,-16.5335671891993,-15.5158536167091,-16.6461230089658
0,-16.5836362117481,-7.44803627862005,-15.6958052237856,-9.799257224322
1,-12.1119079976194,-16.8038298478878,-13.7165151375667,-17.399188189673
1,-16.9270342877241,-15.8118082839175,-16.608272867379,-16.9620541107828
0,-14.4522563760213,-12.0424961937055,-13.8019267280693,-9.82155697496338
1,-15.0337552591917,-10.6838746607318,-14.6756392396115,-9.3089452448586
0,-13.7074732352487,-13.4192606010251,-14.0454121718425,-12.3730348062925
0,-17.2953511972583,-17.5272322993169,-17.9628766297663,-16.2261559651601
0,-16.9958737216178,-12.4987182636489,-16.9389623304487,-13.7400621328167
0,-17.1423732241471,-18.4433603016263,-17.9876440718577,-18.371531227719
0,-14.9706811395953,-11.9640133570472,-14.9473337914255,-10.8160521478498
0,-8.82171282380912,1.57160441739546,-8.33883781138224,1.1956289905801
0,-17.2393606670644,-15.2759415173073,-17.2416129212776,-14.6582764485745
0,-14.8628394556262,-15.2737101271086,-15.876339876863,-13.7331291787664
0,-17.6563281888408,-7.26444728949213,-15.9403163041725,-9.42027125503643
0,-14.2290736363637,-10.0414964194101,-14.0112840764978,-10.1575292220524
0,-11.5882818639071,-3.11455633497908,-12.0432911776973,-3.05958165179819
0,-14.8943943141017,-12.898546903859,-15.3379803239331,-11.9611221969088
0,-15.2828662941318,-14.2865903988261,-15.5673192571764,-15.4572438918041
0,-12.4503005792458,-9.88579261683708,-13.5223732451605,-9.77158851226223
1,-15.0585043125418,-10.8924462284471,-14.5304821453555,-12.4978912394704
1,-16.98785253083,-15.7707532803816,-15.7706970765645,-14.4624160007159
0,-15.9728603055916,-12.0665226349796,-16.1146422543192,-11.0234558163281
0,-16.9328282487954,-10.6268454082212,-18.1825399244994,-12.5042750772564
0,-14.7312703704771,-20.06784351026,-15.5813943617792,-18.8869053691431
0,-15.7336362133983,-17.2188532425106,-14.1896319517057,-16.7943342930119
1,-14.4293985219451,-14.6039626514636,-13.857179867451,-13.1956951838601
0,-17.4042064191202,-18.1047080589633,-17.051364889804,-18.6557669556268
0,-16.3410556692762,-12.8542489968866,-15.892781450769,-11.9644256755753
0,-13.5513540544413,-12.5241366561853,-14.7632158698926,-12.134598334625
1,-17.4696704079155,-14.2968746831017,-16.7208068769859,-15.1612971280964
0,-13.3269893649634,-10.2055812723283,-15.0595542457617,-9.37432322021899
0,-16.6765094783159,-8.76758450851506,-15.5618733965997,-8.82355545376796
0,-16.347034522388,-16.922942222535,-16.5254034861235,-15.7975339731806
0,-16.0770120615867,-8.72134701077431,-15.2099541550923,-7.78746950442805
0,-13.0429778764082,-0.366397018473003,-11.4271684224316,0.565603881964335
0,-17.2207131855177,-13.6441257479544,-16.8375797934678,-12.7268003900758
1,-15.7333128043832,-16.1847070106026,-16.2160879295824,-15.1410234722421
0,-14.3329454176716,-11.3707462599602,-14.8708535417426,-10.633188026446
1,-15.8353454207888,-16.6008945300206,-15.462407113614,-15.3102786540004
0,-16.3718472980271,-15.4619593375478,-16.0371918828697,-15.9114234591726
1,-18.7844131690734,-9.73869891779077,-16.6079316349331,-8.97836570613386
0,-16.2181133821627,-11.7119795314489,-15.8636676513042,-10.8580513134914
0,-12.1950132036989,3.66051581513578,-11.3053837127776,4.41624201251629
0,-17.4716450498689,-14.4597036878978,-16.648633714128,-15.5654125517353
0,-12.0497415206577,-9.04894238896647,-13.0860177172514,-8.06965579569525
0,-16.2026059958922,-19.9012144916465,-15.8954580154238,-18.9419675308864
1,-17.3601280797629,-15.8055944254329,-16.3493940445713,-16.3067670983288
1,-16.9863497839506,-16.128073023149,-16.514892592806,-15.8514419374116
0,-15.5499160683654,-12.38542579007,-15.1226093869615,-11.5837594812801
0,-14.5158879211704,-15.9387461179956,-16.7371377110918,-16.9958961887525
1,-22.941161006835,-16.2367998008708,-21.0891666633583,-16.5746606825331
1,-13.8513533242788,-6.55968014263427,-14.1061630400904,-6.01652798625665
1,-25.9049207018648,-8.04571222889614,-25.5151783682749,-7.94550265389205
0,-14.4455804265339,-11.4507639622412,-14.522689940151,-11.9372774927132
0,-16.1394493212731,-13.3610683423228,-15.6099106235251,-12.3948818606325
0,-16.9556285562191,-14.2671594711307,-15.4300875777293,-14.3725251553355
0,-17.8169945404155,-19.5784692682407,-17.3986189052219,-18.4731784383295
0,-26.2144328821794,-18.9936602238713,-25.5121210301513,-16.3063145280598
0,-18.0417217051101,-18.5342946510688,-17.0580461751898,-17.4551991694743
1,-16.9869655949402,-12.9871227811839,-16.2472135166842,-11.5414095838654
0,-15.464657585587,-17.2309712116982,-16.1809459696461,-16.0283444545807
0,-15.9288992739982,-13.7534474685128,-16.2451405490103,-14.9329990115889
1,-13.1810891754424,-8.56061451948815,-13.7708888348085,-7.48850809897434
0,-19.1808288812285,-16.288085703034,-18.6300219210557,-15.3049465831947
1,-17.4510308839541,-15.6682298832385,-17.6585205758734,-15.2621079714863
0,-15.8285279538068,-12.2957392320315,-16.2211724331,-11.8788229161779
0,-17.1576583552497,-13.3186553741869,-17.814523951563,-12.7769762643433
0,-18.2870503322007,-12.7998524685586,-17.3537501874981,-13.8928903020174
0,-14.0413588563981,-15.3499432455812,-15.6201337987385,-15.5710833003263
0,-15.7355376875067,-12.1697612006878,-15.9954867311183,-12.8790991730306
0,-14.8251108552418,-12.5021901034488,-14.495080533615,-12.367806793053
1,-13.9704515871284,-5.28460094606924,-13.1080068772517,-4.73319125793141
0,-11.4293569969988,-0.0166672980272222,-11.5694504808895,0.14293634720944
0,-16.6670225325664,-12.9439985235833,-15.9521735428273,-12.9228489286217
1,-14.4773995621469,-15.090968437387,-14.7810176322026,-13.0620030411759
0,-15.0604143987819,-11.6325326635559,-16.1492747338071,-12.3665905102804
1,-18.9029083254728,-16.5255348623634,-17.4376089508514,-16.6193109876816
0,-14.9890144603637,-11.485758598099,-14.1449806822166,-10.2802718165031
0,-16.0622691348935,-17.8413727979326,-16.8525732283504,-16.4362065970658
0,-110.168651075988,-19.115245731882,-111.383611910871,-21.0393378970155
0,-12.4241839988633,-3.48743612904149,-12.3479922794967,-6.55176996703604
1,-11.807380245522,-9.30848925464573,-12.9724719711462,-8.78054124293071
1,-14.7488906920337,-12.9444529678582,-15.6228137301141,-14.7310235260406
1,-13.4019078106727,-8.38282795237277,-13.3355644091186,-8.9195856154671
0,-14.1585350303487,-12.4696396964783,-14.1540215376762,-13.18804950159
1,-16.7297387173218,-13.848239119271,-17.84757615588,-15.2370898154488
1,-15.7341004152203,-12.1210073811228,-14.9599311233867,-13.434639250517
1,-17.5590429178069,-14.411782900469,-15.1396462460478,-15.0238436968843
0,-19.8058411682885,-16.5596500781681,-20.5120481525643,-17.9716989311975
0,-16.4148439902464,-15.4868564299888,-16.5580786680599,-14.671080733769
1,-17.1402596008732,-15.1109541728807,-17.1792859018632,-15.1763155860667
0,-17.8519400295389,-14.7874703827757,-18.2001658675081,-16.3211162910087
0,-14.496221615409,-12.9395568215976,-15.0259040811872,-12.241719055866
1,-13.9785500152424,-12.6187297538071,-14.2127796070809,-11.9134353165223
0,-14.857529525306,-11.9020098842265,-15.654696602057,-12.5370648096749
0,-13.8101102521479,-15.0322171676598,-14.8001053059837,-13.9036898473802
0,-15.6802702738732,-12.3647755117317,-14.9458265203023,-13.8278584844282
0,-13.0776000090071,-7.34773954248903,-13.8206699284028,-6.62797431552409
0,-25.6754669392005,-19.5869416930419,-26.9906671279552,-18.9694810488338
0,-16.1366566554334,-17.939314010359,-16.7933948135253,-17.7606391832052
0,-15.800443516674,-17.748817049459,-16.3383888387367,-16.2576638625496
0,-16.726618789023,-17.276668822729,-16.3205422923406,-17.2398388450635
1,-17.2986984432544,-14.2141579706679,-15.6024897752866,-14.6301566103639
0,-19.3576662880721,-16.1295647908865,-18.3109780101379,-14.8365090075656
0,-13.7350846251766,-12.4543747355352,-14.987903088466,-12.7050241882506
0,-15.8119548474587,-13.5363650989747,-14.7646607871487,-14.5815428713018
1,-16.6706882135523,-14.1736647700408,-16.3564065249124,-14.4321671353572
0,-11.745448505898,-11.905889485527,-11.772564074815,-11.6999029827133
0,-16.1221735262181,-15.8401287296536,-16.6992732236199,-14.8561736862999
0,-17.1049842188908,-11.8786799119852,-16.3245746199327,-13.2639570259479
1,-15.336362686497,-10.4720779570528,-14.9592245911269,-10.7144049191774
1,-15.9862093741406,-10.9329978849084,-14.9379485008621,-11.0644932134563
0,-15.7535658072487,-12.3225142080557,-15.9124213490801,-12.4956712785571
0,-15.3081868894954,-19.2403089433287,-16.2050369727285,-15.5876384130099
0,-17.6209009286127,-14.0702770338641,-16.3505222410874,-13.9609317045058
0,-13.6710619799027,-14.709197862334,-14.9228922027419,-14.1216452622191
0,-15.4708830930989,-15.5461065630327,-16.9878746568047,-16.1587137567279
0,-16.5113740494291,-15.8189603352761,-15.4036117322301,-16.2515368985615
0,-12.5187505303981,-5.89097336907751,-13.697278453768,-5.7537762810806
0,-15.8919944594009,-18.3436541679374,-16.4190880171921,-17.6484897335669
0,-15.1150570979902,-16.0149492151701,-15.5778067586865,-16.4028925106591
1,-15.7111300495915,-13.614653393482,-16.5765348163296,-11.9965473861402
1,-10.3899599809978,0.85993486126435,-11.4597768399051,-0.0396663214187258
0,-17.541774610151,-10.6914919123196,-17.2440431055467,-12.7970229272919
0,-9.43176948636749,1.34042922710779,-10.6692221791921,1.01667052450808
0,-15.0761690977397,-6.70442231142854,-13.5112973252318,-7.2299739042327
0,-15.1772584719066,-6.31141717315804,-15.4662825972805,-7.16645294060123
0,-15.2243131108147,-8.41656405676453,-13.7836703789817,-8.56742475979343
1,-18.0616953302408,-14.8474973110973,-17.4037141166634,-14.3230882670302
0,-17.5132853618426,-20.8079824431092,-17.1449041362421,-19.5181273055266
1,-13.4661838050993,-9.82073473368605,-13.2452473642207,-10.071167141744
0,-13.1625564005518,-13.1357154593656,-15.4355013002985,-13.5533251592056
0,-18.9969717688994,-16.8088304889013,-18.4247479076617,-16.1885572880464
1,-15.1712589257209,-10.7902628268309,-14.5243454780996,-10.3339509360507
0,-16.3390315340344,-11.9559321606766,-16.846927498871,-11.5004093748217
1,-16.4170548917662,-19.2125521319572,-16.1994143496594,-17.8028050716512
0,-16.7767479559288,-13.5091974547202,-15.3183847330701,-12.5935520597612
0,-13.3358859720279,-5.29022858690169,-12.1087882702611,-4.30960068287435
1,-15.6996717422695,-15.0826718971691,-15.6556280249909,-14.7764850932722
0,-15.5227682576081,-19.1681756587221,-16.5936864156087,-18.578798217438
0,-15.7141973893855,-14.8528783244887,-16.1430649435155,-14.0969152454691
0,-16.2155659855095,-14.4773836121404,-16.2893812661701,-13.0278962513566
0,-14.529433687145,-13.8284067184936,-15.5937679688335,-13.1150073643897
0,-14.8072002185246,-16.1899098013834,-15.4499355244719,-15.9356016219044
0,-17.1918696718924,-16.276018053563,-16.3989311590835,-14.6278707283468
1,-15.4078408577466,-8.89815697159562,-15.4106551492218,-9.57499628982239
0,-14.5866625129387,-11.9664434713026,-14.1521764578035,-11.9040853047352
0,-16.4333260257769,-18.014988333474,-17.3248197702947,-17.4666093372587
1,-15.9865155909191,-15.0292864971874,-16.3244141988779,-17.5781447033191
1,-14.7530495325278,-15.5157188263585,-15.9586355732093,-14.7764465273003
0,-17.2241636081603,-14.0877544570243,-15.3471625209939,-12.8228665175298
0,-14.5613989909251,-15.1539295411111,-14.5206537944607,-15.6881608164292
1,-15.6498053002394,-13.2759505725854,-16.5633151555042,-13.0080501274491
0,-14.722998813062,-19.1435179014527,-16.257068910857,-18.8143131197808
0,-17.9857253313466,-14.6945869894588,-19.8194672356418,-16.2285045719905
1,-11.6513409021413,-5.92025486625817,-12.4847161409728,-7.1455102265784
0,-14.2336892853547,-12.085673611205,-15.7327660582405,-12.9990050555023
0,-15.0173334826868,-13.8882235101004,-14.5217588766122,-14.326401888823
1,-17.2112023569109,-15.2455128385347,-16.4803615553521,-15.7322343371849
1,-16.5897311436115,-16.8839299404914,-17.3652768124497,-17.0007237926668
0,-13.3460768026793,-16.8286778588021,-14.3695797909089,-15.1636483351922
1,-13.6276347131352,-8.35466684454377,-13.8385538498159,-6.73917609247296
0,-18.4940090674763,-15.7784099723101,-16.6783444500556,-14.6831557177832
0,-15.0247725214676,-19.717796424749,-16.7025062900248,-18.1290548376737
0,-19.4756274192475,-14.9721484022177,-20.3806440113565,-15.8581416965359
0,-16.6669190689,-10.1456209360947,-15.8950356872156,-10.2239459598865
0,-15.766969655222,-13.4706100326081,-16.0320672632055,-13.803189032736
0,-18.3345887498542,-12.625540243202,-18.4106942383002,-11.7311932326061
0,-13.4336616423999,-3.65616435067437,-13.7961500020442,-2.2076235824776
0,-15.5706101504642,-15.6159054577512,-15.3965706448098,-13.993023899597
0,-15.7403433725499,-12.8710818161723,-15.1082251961658,-12.4995042609998
1,-15.2663727411986,-13.9086156402724,-17.014736746063,-14.2807180231805
1,-11.0305555284813,-2.67440559372854,-10.3209583479394,-2.24432898130866
1,-16.2033415594108,-17.9693775120276,-16.7612575144165,-16.6383775748108
0,-17.6548095278055,-11.484150983551,-18.1118267102629,-10.9980145263209
0,-16.8430535673555,-10.1922030084441,-16.1614815704925,-10.9392786361751
1,-16.479882342467,-9.48676483138592,-15.6047718437847,-9.14808997815146
0,-17.3716604241525,-11.3021529307199,-16.2969358592776,-11.7024242960849
0,-11.0622490340623,1.32651252179003,-10.8569904877047,2.39760885889218
0,-14.2786742798479,-13.1971526245159,-16.6522211832822,-12.8834870525437
0,-15.4743909313581,-8.6653507523703,-15.7755104204086,-10.324616729835
0,-17.1823593470841,-13.0738825171915,-15.2052187229328,-11.2116740448488
0,-16.3880623511956,-8.69439790554304,-14.7728313449875,-10.2282712922166
0,-16.9744508492122,-15.7485628776962,-16.0106378980493,-17.3249998399356
0,-18.0998754228683,-16.0524509793805,-19.6169792606387,-16.6259607088257
0,-16.5716288340703,-15.8993929576504,-16.8564016894026,-15.5241581504195
1,-20.0937174309431,-16.8250842968641,-19.8305860086344,-16.2480818035138
0,-16.8763419693815,-15.3502311670041,-16.8751288318562,-16.612686350063
0,-16.9037465239729,-12.3954478378788,-17.7057609602524,-13.0479883626086
0,-16.1241960411074,-15.3613747504333,-17.5875547785207,-15.4567756057298
0,-14.8487068647891,-15.3748133721507,-15.7420023504512,-13.8934392298551
0,-19.3907397388306,-13.4015819055296,-17.9102796674823,-14.4596562442627
0,-18.7059907951927,-12.7709568903737,-18.7100191233476,-11.011357333186
0,-15.6057867201805,-16.1121032518422,-16.8095795075592,-15.6381901449486
0,-17.0521982830584,-14.8343954926259,-16.0351050534986,-15.0719144527945
0,-17.1857954076095,-16.191225477129,-16.2651407263587,-15.9592003833772
1,-16.2651012469613,-7.14494116301243,-15.2828671895226,-6.82336946299279
0,-18.6785673657898,-14.0202486051538,-19.4964951345679,-14.7763703183719
0,-13.1260047325436,-4.13923126893622,-12.8357273888096,-2.63894721670302
1,-16.2203356274037,-14.0609106488638,-15.6130381530755,-13.8033610347726
1,-16.9068060897313,-12.5144862175559,-16.5409149122194,-12.0761699842432
0,-17.3343110164914,-15.7992847697928,-16.0566055138396,-15.4389089336697
1,-19.1532088949879,-16.5353165606553,-18.2088329323679,-15.7681231021449
0,-7.85286268802711,11.8252578378226,-8.19560363094482,12.4096822409975
0,-18.2197996064431,-12.3868519575487,-17.9178543817925,-12.5373882983303
0,-16.1498176309187,-17.560085133419,-15.9671795452491,-16.876841649919
0,-16.6221380116318,-16.5043980574845,-16.6191625237886,-17.1710134116211
0,-14.7625858084704,-13.7835688375039,-15.7753996558193,-13.0022167287659
0,-15.7707449233852,-6.50609043615171,-14.718019551104,-7.38602114628467
0,-17.2392761193704,-16.9360692517592,-16.9614484031714,-15.1625391023689
0,-13.8178294507792,-14.2426515329298,-14.8753864921339,-12.9734064079489
1,-14.4754428675897,-12.1855366895811,-15.2748665342912,-11.5231773002052
0,-16.38110825179,-13.8404273803424,-15.382637843656,-13.6267430865935
0,-16.9176805303546,-14.1518422387555,-17.022882158147,-12.9280985800332
0,-14.8455132405534,-15.7245652933931,-15.2719759245101,-16.143492805719
0,-15.0678330129467,-14.6242220244495,-14.5218514174948,-12.493358595629
0,-14.9980305037794,-12.303064484395,-15.092598917583,-13.5576794901689
0,-21.0558183637976,-15.0213651365715,-20.6358482871127,-14.2123068200977
1,-16.2347370621923,-15.0694893251081,-16.8344544890677,-13.9988802790753
0,-16.1360617710132,-14.2331549652519,-16.6561292865122,-14.1727519232096
1,-13.3416970346459,-11.1069665523732,-14.2181774311746,-10.9357730936111
0,-15.6099054399888,-10.836980012447,-15.6743453293514,-11.2698439950325
1,-14.4067344676137,-13.5397470624877,-15.4600076984274,-13.8185269871052
0,-15.6063355188334,-3.37673498967893,-14.7330233266509,-4.49477285247702
1,-14.6084572108147,-7.1209138744651,-14.4093011226929,-6.68680377172196
0,-17.5907230998882,-14.8312928864748,-18.4853157366407,-14.8891732352045
1,-13.813032837687,-12.5676434758086,-14.5646679727342,-12.9088503003785
1,-16.3292464667766,-11.6038713684486,-15.3851524603765,-11.279625759675
0,-12.695096662657,-13.6124376613456,-15.0275786005466,-14.6608284296733
1,-15.592419220508,-8.84786789284637,-14.7533918227183,-7.53432564942484
1,-16.0764799066189,-13.9595201901397,-15.7243064243484,-14.1158500030537
0,-17.1817048295218,-17.7834503358275,-16.698525031039,-16.447314908063
1,-16.8765808413573,-12.9842986794809,-16.2431534197147,-14.188284914484
0,-19.9992176343968,-14.8846308551635,-19.6543563090871,-14.2034717842857
0,-15.244420472004,-5.25253656129751,-15.3224328562575,-6.20772668472308
0,-15.8010338425084,-14.6471131297434,-16.4379348523979,-14.9272948361015
1,-15.9374001807853,-12.0791310297591,-15.491400604587,-13.5132398106874
0,-18.9239088968815,-15.4763637906219,-17.7985700757926,-14.4862540844629
0,-16.3029212197952,-16.7495031722937,-16.2784655664726,-16.232891706854
1,-16.3450768569501,-18.0918216568763,-16.9212655481993,-18.7177795898479
0,-16.0664966208246,-11.0508392918518,-15.9348567138462,-10.4981620458116
0,-16.794165826159,-14.4757157054738,-16.4459129139356,-15.1556753598376
0,-15.2237648717353,-15.4399540750802,-16.3036399445793,-15.4136417129404
1,-17.3598766352946,-18.2846838920064,-17.9257084561963,-16.8549230035378
0,-15.7189907098612,-14.6202613422535,-16.1686508089464,-16.6663225353613
0,-16.4493603849998,-9.73402449599346,-14.9537732705906,-9.81567314699658
0,-16.1434831741496,-13.6947143314083,-16.0874386190853,-13.1551258797093
1,-14.7983279567261,-13.4205651316153,-15.7807213925457,-12.2628570286637
0,-15.6285616873886,-10.5334176646275,-14.7856181847524,-11.0906448173174
0,-15.9581676073372,-13.6619946485449,-15.0908190669572,-13.2914447255985
0,-16.5603049048456,-17.6687853642166,-16.2058950230828,-16.9646293403009
1,-14.0368899299545,-10.5834883804969,-14.4900000879471,-10.2346861298938
0,-18.2886456781575,-11.484948872637,-17.5216908111497,-12.0742079604139
1,-16.9823329138686,-17.6691967793008,-17.6731661470836,-16.3327915062632
0,-13.4493431743545,-7.5483853921322,-13.2052900592259,-7.92925278385496
0,-16.1062479438786,-15.7063024135653,-16.7440496009008,-15.199859670166
0,-14.8272105260424,-10.9236010555858,-14.5362401385375,-10.0343081612845
1,-13.2856361776625,-9.15179449410638,-14.8244374016203,-11.1766494624309
1,-12.8115008193485,-4.97656530397845,-12.8523417943424,-6.68817410868591
0,-17.5891368199599,-14.4465221846212,-15.8955314801947,-14.9067070728877
1,-15.780442446131,-8.11715389082634,-15.8913519542941,-9.68313593971417
0,-17.7759771177058,-19.2084950010547,-17.0159696842474,-18.2715402539464
1,-16.0942902934805,-17.6423632984276,-17.3483658500587,-17.1436678568188
0,-24.5160432710408,-17.5634879472956,-24.265546437862,-19.7632832141984
0,-16.0320806514144,-13.3189090308293,-16.9090759463053,-12.474967086754
0,-17.6711157201435,-14.1589855385334,-18.7452571298168,-16.1162812825347
0,-15.226763364793,-15.4232831089307,-16.5172234791663,-16.176051077532
0,-14.4164763067487,-11.1277071792367,-13.940598753703,-11.022575252563
0,-16.2495862517197,-14.4075733175917,-15.7641920288366,-13.8310733091262
0,-17.0026884596092,-16.4084604439529,-16.3191720245147,-17.3913623211073
0,-18.5814170847023,-16.5154519198653,-18.9020837171967,-16.4963179721596
0,-16.0698164066644,-9.76646793790305,-15.9189260886483,-11.8161499040424
1,-13.5452882611001,-7.39896061603741,-12.9340648242576,-7.69521902068078
0,-15.6788843109817,-15.1785848162893,-16.8667390942857,-14.5120739112968
0,-15.8026821357723,-12.692187368548,-16.2293563170923,-11.8753018134905
1,-15.1351366511479,-11.1676380084517,-16.6981702358115,-10.6016398481674
0,-17.3511160556606,-14.9867216049519,-16.7370794953633,-15.8894961717784
0,-11.3516841368583,-4.05423516088964,-12.3638990376358,-3.54835428069722
0,-15.8923847930423,-9.02356170413852,-14.8247208110039,-11.0288825810235
0,-16.9897812896544,-18.67653794435,-16.6958275465129,-18.1424728209657
1,-14.7762801698627,-12.7351486807268,-14.604692726164,-13.416578628492
0,-15.3075552090551,-11.1563341069901,-14.3668538105958,-10.1985735776343
0,-13.2782186589752,-11.1310847195481,-14.2752529960178,-11.2615243405784
1,-15.5583359021886,-10.4953277524431,-14.4061920241554,-10.7928902490151
0,-15.7560017361704,-12.721631645449,-16.0341621269225,-13.1444453227505
0,-15.123851371026,-13.149343753358,-15.095865260626,-12.838289216592
0,-19.8831749391842,-15.4468658096273,-18.9033382501449,-16.393968704854
0,-15.2749539876571,-16.9206240898848,-15.768354485493,-16.8189001711711
0,-17.7206910843727,-12.104985401642,-17.6362222333843,-12.347783432445
1,-19.2349286688007,-15.0709982373594,-18.6245684170605,-15.1782563547775
0,-10.8577664238309,-2.86357895375599,-11.5288611739414,-2.71942988415757
0,-14.2381803754428,-13.1707369407244,-15.5009855410404,-12.6182620996919
0,-18.5104148086509,-10.5421394473812,-15.697554427496,-13.0706993299757
0,-16.5103257188727,-11.7661525287227,-15.5910412352552,-11.0336166900068
1,-15.0762118280662,-11.6655165862953,-16.1589182448204,-12.1263078768955
0,-13.5384965720811,-9.88701862099814,-14.3108478902329,-9.36663536214164
1,-18.1630498304479,-15.2641745390195,-18.9084562794897,-16.305619476984
0,-17.2133572484188,-12.3899234423395,-15.9999123539649,-11.3973116682982
0,-16.6334983352492,-12.9147406006707,-16.1992116962093,-12.9041813246507
0,-15.727994547449,-12.7663109972099,-15.3336596003518,-12.8629229886608
1,-13.819193598925,-6.91602951764255,-13.186426600084,-7.75765679597224
0,-15.0401482403717,-14.7503970221104,-14.976131371908,-14.2479672323195
1,-17.3383850607356,-20.2003713453411,-16.9510629249182,-20.2879307242348
0,-16.0751880333237,-11.8307530104187,-16.7272776470031,-12.4572465594987
0,-18.0405255804928,-15.911731836339,-16.8709725366717,-17.2239930691341
0,-13.3685555655694,-5.59815300805253,-12.8448120804892,-5.26910117675023
0,-17.8312073645607,-19.0671222989681,-16.9643445168032,-17.5167426721419
0,-15.5342257823335,-13.021694925445,-15.0082875369161,-11.6451139487102
0,-16.9893549635355,-14.8068217336296,-16.1490354717346,-14.9209067258325
0,-16.1736028799127,-15.4300472164512,-17.8794739493817,-14.9520972084769
0,-16.3142261593834,-17.7625309014423,-17.22015904703,-16.4266220554045
0,-15.8799581445534,-9.76999651232451,-14.1361293674324,-11.7135482197661
0,-19.1888556536689,-14.4290042090892,-18.2689374849268,-15.1793369202474
0,-14.1956957441537,-13.7344622815546,-14.7360718403088,-11.3551161490487
1,-9.19884980338163,4.51993160388873,-9.17688495394997,3.20083191610253
1,-16.6389782214686,-9.28245117882542,-15.2437318145486,-8.1210020349286
1,-14.4072394401135,-14.7423988889412,-16.1455110922923,-14.6541305100471
0,-19.4438410019832,-14.1495922938356,-18.6591943172551,-15.1929892572114
1,-16.4658568450321,-11.0747615732988,-15.5750483758869,-11.1550086752968
0,-9.83371399586132,-1.39183256880424,-12.348495778063,-0.553077766298173
0,-12.6641796114047,-15.217346467196,-14.979127909698,-16.3031412520867
0,-17.1421134757532,-17.8419250810078,-16.747601227302,-16.7701123694563
0,-13.0958321737951,-9.89372647935433,-14.5999441984156,-10.7173129945924
1,-15.4103750198746,-7.04784791839188,-13.8592784146852,-8.85088968975869
0,-17.6388231054184,-11.0589243010345,-17.3453539549572,-11.9226205493802
0,-17.555637405044,-15.0128310237515,-17.6022891675926,-13.9488228835946
1,-13.207980151274,-8.86896004956399,-15.3017675630386,-8.81900257056734
0,-13.896436504935,-6.47936135399713,-14.398476482791,-6.90375376708538
0,-16.1583585725441,-15.1494866821454,-16.3849007750986,-14.8368064504715
0,-15.1456526944505,-13.4987457423919,-15.4105739655845,-12.9961842519872
0,-14.2001637937246,-6.76715021598026,-13.1783655296191,-7.55374359958054
0,-14.7286104872454,-9.54494997840584,-15.9730358213901,-10.3664820035484
0,-15.441962996937,-11.2145845617433,-15.3803956801008,-10.0995007269187
0,-16.0136305909906,-15.4516613785212,-15.2749427594376,-13.8533175214203
0,-15.0913528789415,-8.03132570759,-14.9889818050012,-8.18734871145002
0,-14.9019884734301,-16.3247062988975,-16.6250186421027,-14.7520514241075
0,-15.0730927450632,-11.0042113440442,-14.8182508174209,-11.9602615156039
0,-15.710309751618,-13.1407150186568,-14.6917766913767,-12.1050645445335
0,-23.4861482477851,-23.5538856960004,-23.9202218908697,-23.1996743232847
0,-14.1119816039606,-14.572974328106,-14.5008132897611,-13.5267737736615
0,-13.3424150919846,-11.4250745512331,-14.7206591370704,-12.8369507866686
0,-12.3017532318836,-11.0461887112374,-14.2188701734752,-10.2217480317134
0,-15.2131039732324,-14.5168809504191,-15.7908776337746,-14.6149900341041
1,-16.53842138317,-13.3225527923541,-15.4324430363612,-13.2037715350666
1,-17.0089859502614,-11.234622657811,-18.4105881156523,-12.6111842164612
0,-15.1736250691896,-13.9464653640395,-15.6093304460724,-14.1535638036174
0,-14.8069914464237,-10.4500607215864,-14.4917287421843,-9.85456242297542
0,-15.683946716272,-12.9191732817519,-15.5285069360873,-13.8475951147671
0,-16.0729447634748,-12.1132106204063,-16.0899617659668,-14.8164371778856
0,-13.4492131759937,-16.1594457025439,-14.7315093385367,-14.9445116583281
0,-11.7988762687303,-7.64064211208896,-12.3115045661169,-8.00114786066808
1,-16.7544066397892,-7.1247740978419,-14.3001588136878,-7.15573520798363
0,-15.1140849284763,-6.48436735412388,-13.5944528694419,-6.09832064743687
1,-11.6956981276796,2.78786132966112,-11.9366435950843,2.35608085941851
0,-16.4132298593622,-11.5366388941667,-15.952245379082,-12.4369404965983
0,-16.437903587758,-16.8412929564703,-17.305115118239,-15.9815008678677
0,-13.7679048142502,-10.7655304375879,-14.7406277349462,-9.49362906949907
0,-8.91080180660329,-2.27689853893144,-9.00699606966391,0.113151976139288
0,-15.3804919529069,-16.1827569470533,-16.6189893961185,-16.1324550167255
1,-14.7667280522183,-11.5141690209438,-15.9661826223438,-11.7936116600844
0,-18.2369482386264,-13.9159489952221,-18.3275910157443,-15.5219340633227
0,-15.0112774330197,-8.69678359688929,-14.8451068850654,-9.36697033484952
0,-15.5009243647014,-15.3485618310031,-16.4875127563141,-16.4583341887979
1,-15.5038856934696,-13.2010546407865,-16.3422964573407,-16.1825844355019
0,-17.7334738450022,-16.7581249994771,-17.8397983124343,-15.0608287248319
0,-13.2510737818974,-5.99916384535081,-11.5512860697015,-5.22154803950608
1,-14.1892158056792,-16.1956759122397,-14.8730087113356,-16.1092614579527
0,-15.0121365556061,-8.58101499082569,-14.1812596978439,-8.93106920575846
0,-17.0894360882471,-10.9121196052073,-15.8021999384286,-12.1811742281642
0,-18.1714846060715,-16.9874268270873,-17.7313274568877,-17.0660080474331
1,-19.2634828159923,-18.4579594992557,-18.9116092058982,-18.8613776181335
0,-18.8809153961796,-16.6749171505833,-18.6849373827923,-15.8361360326193
0,-17.4959891737069,-13.3009845474437,-17.286719551999,-14.5132243281602
0,-17.4082503440403,-9.51941952945664,-18.1732768581836,-11.9156549116784
1,-17.2139977283286,-15.1040748791869,-15.6938336395878,-14.5976099162192
0,-17.6413285955883,-16.5558259836591,-18.6952136094648,-15.7300148185461
0,-13.7396036711232,-12.2373714096983,-14.6388112342348,-11.6244310773545
0,-15.8776472502059,-15.6931658915894,-16.5434559242119,-15.1113705350025
0,-14.3723471832064,-14.1325920247986,-15.2724090641288,-13.313620901801
1,-15.5019689080415,-17.1585175909233,-15.6177430447895,-16.3855408708813
1,-13.9679321646276,-4.02913434515138,-13.0641815422606,-5.99883000576318
0,-14.9852682602175,-6.03337759431807,-14.5762395105718,-8.52562679299109
1,-14.874963746114,-9.72372977908461,-13.6230631725507,-10.4604360100242
0,-12.4453258192027,1.28113893191446,-10.6063363071738,1.45372588966619
0,-15.6003534515005,-12.8625836075849,-16.7424645441518,-13.3611379592836
1,-18.5124971296686,-16.0015671010633,-17.7209820746367,-17.0771245545781
0,-15.2077007843721,-11.2596223709238,-15.1624541815157,-10.4351691822702
0,-12.6732599088951,0.4733820847413,-11.7594333209287,1.0527700555948
1,-12.4331801293971,-9.37899150644289,-14.3160357600716,-9.16569732866171
0,-11.3492775454027,-7.33320210934489,-10.2297487897282,-6.92369775615762
0,-14.1168185220308,-11.7623139502102,-14.408160429149,-11.2863529107525
0,-19.8190816744525,-21.2309898528553,-19.7003931026395,-19.6090794177435
1,-20.3195331023354,-21.8634651331357,-21.8438882156719,-20.955510646182
0,-14.1351034645924,-11.5546153112947,-14.8472059603894,-10.4239777406022
1,-16.0940441931498,-11.6122602731178,-16.0441448657027,-11.2831017859862
0,-16.2648384593739,-9.82747299182063,-15.1449349556366,-10.9341536701533
0,-15.0377638482949,-12.6732736856401,-15.3404629754638,-11.2357329113682
0,-16.2440694870161,-14.2763394684914,-14.60702870938,-13.5129814924208
0,-14.4345890054193,-14.4535305402505,-15.3843338962909,-15.0038493167742
0,-15.0629408252473,-15.1966041703392,-15.6317836764311,-16.2146673208513
1,-16.5445665518197,-8.90640034504273,-17.1978781420046,-8.51390783585177
1,-13.4924830358189,-8.20980380448383,-14.2903084220947,-8.41632554892314
0,-16.0100359238925,-13.1423329559052,-15.6085272669033,-12.5683710766144
0,-18.6358978025267,-11.9961009965276,-16.8452251342444,-12.550408628935
0,-15.2718588786814,-10.622023552206,-15.7454385834265,-11.2004416130495
0,-16.268372057641,-13.9977225838173,-16.7951555362627,-14.5150245302444
1,-16.1622955635352,-12.2537230738019,-16.7437157436498,-13.5189280689008
0,-19.3540145294279,-16.2340044893277,-17.7617410735546,-16.0267246451497
0,-17.0067333976394,-15.9327522166161,-16.3536989016648,-16.7639141865148
0,-15.3312179852856,-16.5325580334897,-17.5468679103879,-15.1656102436215
0,-16.8107629955909,-9.11290661462548,-15.722110893862,-9.50888851711406
0,-14.4116619443642,-12.4464382292726,-14.9121731681182,-10.0365526083173
1,-16.5519330817433,-14.7307904145006,-16.1166431756204,-15.9821032532675
1,-17.2270492331598,-12.2364358187674,-15.5281699797564,-13.1791314146304
1,-12.5960647690921,-3.815255687289,-11.1011600419993,-2.07527379857634
1,-18.1037707360552,-14.9923076132783,-18.4513934265633,-15.4513676035319
0,-17.8360893866582,-16.1462991472796,-16.80266908295,-17.1648017122804
0,-16.9937607312795,-13.4741468753522,-16.1032532050376,-13.1540404278991
0,-16.484245832307,-22.5885594393804,-16.9578344868143,-21.5865520541343
0,-15.0167331676057,-8.54727756185502,-13.8383655343825,-7.85743846857421
1,-12.8340864590685,-4.89338225751871,-13.5939065704726,-3.61912713086353
0,-17.1446282413184,-16.3728279464967,-16.4486020585255,-15.9493213560573
0,-16.0937832895411,-16.103692635376,-16.7749114073083,-16.2740925268331
0,-19.2281127225092,-17.6881381671716,-19.274942146917,-17.3493504026219
0,-18.6452610364819,-16.0748004811058,-19.9208720463476,-16.4572790360339
0,-16.365486943424,-14.7080397517957,-15.1254037025937,-15.7711653364056
0,-16.6035415055121,-12.4457284987641,-16.2119014383361,-13.8171545778775
0,-15.6690887542546,-19.442026396763,-15.8618381984838,-19.916170818995
0,-17.7144121138919,-17.1693825996416,-16.3262875298632,-17.2985192510998
0,-13.4548807160154,-8.79817328366163,-13.9456906381111,-8.98820492034212
1,-10.6907266485702,-9.86223378231386,-12.6202137073632,-10.3511759496693
0,-12.1327582190608,-7.2696891317608,-11.7884741502451,-6.0574222243346
0,-12.7031164732185,-8.52723052103899,-13.2909276685916,-8.79002268119043
0,-9.45633458338502,-7.9971343841153,-11.6110029890976,-7.40743353888563
0,-14.0179845067593,-9.74584973245874,-14.3733950701121,-10.2055620651167
0,-13.1570279449783,-0.0250269582422846,-12.5345311261212,-0.470380119402651
1,-14.0346742229391,-14.9973423903828,-15.877714741211,-15.5494886563906
0,-12.961832924241,-12.7504760305665,-13.4217684151468,-12.1240690331907
0,-17.3265408502035,-13.529283584409,-15.3122560563606,-13.1475077330677
0,-16.198787339527,-14.8715560384149,-17.8888699947607,-15.3317726344342
0,-15.0319813987838,-9.06979689312372,-15.287831213741,-9.52534599321779
0,-16.5240184622145,-14.8117416591119,-16.1939414165327,-14.6817086462418
0,-17.6977371889027,-16.4019096226214,-16.7409489285391,-15.1480541525022
0,-15.6809062928572,-8.91828902585253,-15.1090061909691,-10.3157162169279
0,-14.7724502807427,-15.0480114806387,-14.8836133971305,-15.2157210767596
1,-14.2522777354777,-14.936312171206,-13.7299276873745,-14.9137655730771
1,-15.2110133736989,-14.7630323514231,-14.1802379414311,-16.3036424293611
1,-15.6408979423584,-5.38106594226878,-14.4879010194096,-4.54309373908958
1,-12.7301356364329,1.70753662120649,-10.379541348284,2.54723600417583
1,-14.5480337307303,-12.0443625907766,-15.128294935358,-12.7232375451551
0,-17.1344076447884,-20.7635385474218,-16.9829585323104,-21.2977635758794
0,-19.0646663259601,-18.5890852183784,-19.7425974985127,-19.0003730431136
0,-19.3049441667189,-13.7789328297552,-17.4567876051064,-15.0330716785912
0,-15.0145063128615,-13.3477432111225,-15.5881053131539,-12.5819313449392
0,-12.8927342301133,-12.7287591238134,-14.7448327935474,-12.5704125201435
0,-15.8388565678029,-12.5257097049594,-15.4721707368567,-12.1272227422195
0,-13.111739513314,-5.68067466492374,-13.9513359459586,-5.2263661721094
1,-17.0705059469709,-11.8307940886566,-15.1431566070846,-11.5475910279987
0,-16.0844152491092,-25.0752818388243,-16.0132131768968,-24.9131393971082
0,-15.4487627230987,-12.9688889439385,-14.7413327615736,-12.4877341237957
0,-20.3639779428666,-16.6323703594157,-21.4203415967341,-17.6029231806173
0,-14.331878154699,-17.2414146655979,-15.4638913323949,-15.7823884134823
0,-13.7396486409345,-12.824077308417,-14.6444095175977,-13.4739676116559
0,-15.3632418709068,-13.4008539973121,-16.2702461506972,-13.1100964333664
0,-16.9249799045493,-19.1065539175381,-16.6313288408255,-19.6791967240708
1,-19.7388457181638,-11.1557371507098,-18.2413191260921,-11.2368204664276
0,-16.6544346766407,-15.7785224406558,-15.5099909655331,-16.5198944786313
0,-13.1089062882877,-15.0299362579929,-14.0951634194156,-14.19168136038
1,-12.4933548414643,-12.3989015190685,-13.3511823891131,-13.0216866016206
0,-14.9505186946569,-17.6929780726082,-15.9777604362945,-16.5035446285199
0,-16.5888190965373,-13.8385976053558,-15.2520296214912,-13.5184394949333
0,-16.1201089557811,-9.7411121547809,-15.4749168839845,-9.60916354369414
1,-18.2957894988027,-15.0045518874186,-17.5783248736303,-15.7449734546166
0,-5.4229995911933,2.66823964061467,-7.81939482429831,3.19605568745834
0,-11.5267900157638,-4.63985389526732,-11.4223495840259,-4.68004387719119
0,-15.941432664471,-17.0159123834977,-14.7908477751895,-15.8085227099972
0,-15.5907396009375,-14.5977034664743,-16.4487999945991,-13.4565053417588
0,-15.0346874105325,-14.4176246351358,-15.0415678397309,-13.2371813801162
1,-15.5349203208345,-14.5654061811486,-15.462558112099,-13.800039913194
0,-14.5156722496647,-14.1526176204173,-14.1644157600877,-14.0379709543741
0,-15.8416768674369,-12.8009830128941,-16.9534885673031,-13.3656031457078
0,-16.7376680487893,-18.8569800678376,-16.2357730724052,-19.2008047726139
0,-14.3012008181525,-10.8249635688607,-15.7575275257351,-11.0720446667872
1,-16.1269599876272,-14.1852635793184,-16.6917189264981,-14.2109596687994
0,-16.4403313778418,-16.677300311102,-16.9670628456803,-16.4710399944202
0,-15.3359596613786,-11.6637361349812,-15.1789647002702,-12.4670393351127
0,-15.7000892980808,-14.0566408729929,-16.024240150479,-14.303968463963
0,-17.1246362600135,-15.9890522595657,-15.3983269520755,-16.8521650602768
1,-19.1755940738831,-15.4690028526732,-18.1696809992726,-15.1755536664083
0,-16.3799316869636,-11.1450400930745,-14.5610563598557,-10.1441942621432
1,-16.2065041500618,-15.6875780022957,-17.3463740192879,-15.6638014043665
1,-13.2245162574724,-13.1374823233788,-13.0383509530324,-11.0748466559485
0,-18.2389121864865,-15.983827941369,-17.8895961503078,-14.8753026446328
0,-18.0827935717644,-15.4599197074335,-16.3806961353578,-15.241254687848
1,-13.0007957247233,-12.1170732448838,-14.7212086192358,-13.3188237564552
0,-11.4023937066206,-7.74348978571483,-11.8377399348244,-8.25185823601322
0,-13.3170074690132,-14.8425719994458,-14.0680044761028,-14.5008819454554
0,-14.6267701308948,-16.7730404439083,-15.99121645621,-16.6334692270886
1,-14.3620458972542,-8.30453242225273,-14.4923582692572,-8.63981393530334
0,-15.416319278845,-15.5990510469193,-15.6939925518426,-15.4923546411223
1,-16.6359710014639,-12.8732732752898,-16.2479394611852,-13.1915831114331
0,-16.3309287949714,-16.5485672346148,-16.2110379073002,-15.1825156774853
1,-13.7301307956782,-17.5575785252588,-15.6203980908306,-16.2460531648973
0,-13.7131731976733,-9.92378799176925,-13.5426253154963,-9.81796502153536
0,-14.1843902046053,-11.7916877606544,-14.4068861950336,-11.7805887229063
1,-13.1371075821633,-12.3483560081901,-14.1925325055936,-11.4970880803377
0,-14.6917499355026,-8.79251489784688,-13.7528859410289,-8.71364993842549
0,-15.5328234962041,-13.3999947267273,-15.2575045265479,-14.4480833222186
0,-17.2985793925368,-13.6485337237446,-17.37092123567,-14.8603402512994
1,-14.8446553803592,-11.7312156171742,-15.9193844068549,-11.7558362937011
0,-19.1823016889681,-15.7817012737353,-18.4354256499459,-14.9667613531194
0,-17.7368776796349,-12.7059483456482,-17.383448703575,-13.455584778264
0,-18.3000882029696,-13.8780872488814,-17.2117857018441,-13.7500404653923
1,-16.0354963380608,-14.6486854462732,-16.3181630961026,-14.7823761022546
0,-17.8156083377435,-17.3168607565776,-17.6286883694186,-16.7617896713129
1,-15.2860584741519,-12.5918165059048,-16.4171230737097,-12.156111573525
0,-13.5196767824946,-9.52405167394615,-13.5959497475128,-10.5968231514005
0,-18.0495667086408,-12.9529530261662,-16.9468764019613,-13.6056063347219
0,-11.5845835877016,-7.38634745302811,-12.4451926322105,-5.44901507202379
0,-16.4551911058485,-11.0317910231912,-16.0333730777023,-10.6175863219617
0,-17.9709497346694,-12.6568607426962,-15.3096407486179,-12.6693094753831
1,-16.7213785912749,-12.8523291942662,-14.9753321348083,-12.6241160926715
0,-15.7273654612977,-9.96458190752803,-15.0712104458574,-10.5031006421582
0,-17.1195513327635,-16.3550723850518,-17.2530813998433,-16.1359351882996
1,-18.6792381863286,-15.7787942085453,-17.2374031490081,-16.360526876356
0,-14.2751736422368,-7.81700654738607,-13.6475140277943,-5.43393048338728
0,-15.8205853217957,-10.7310021318743,-14.4640621512294,-11.5262346314841
0,-13.7795009388559,-13.2159349880229,-14.8391562653265,-13.2720467906701
1,-13.3515242259194,-14.8882011494973,-14.1908599183926,-13.6377468230554
0,-14.6024315126734,-7.20168263104529,-13.6247599825307,-8.80648602729321
0,-18.091211445086,-16.767613140089,-18.6247789542581,-15.8214179300094
0,-17.3725407562587,-11.0017006212875,-18.3742101539058,-11.1626181549179
1,-15.169399434878,-13.0676119484936,-15.4780708712648,-12.6381974197618
0,-15.4102725482909,-14.5232844624671,-15.9786892102977,-15.4155971019946
0,-20.0260501676408,-13.3025407694446,-19.1886162018688,-14.6030739252331
0,-9.98162960758076,-0.728289241993751,-11.7514138658744,-0.586377164236755
0,-8.17028462165293,0.482116672841554,-9.64230895465905,0.840907644211519
0,-13.689186157219,-1.10336007017908,-11.5133234791847,0.0068865079027729
1,-14.8260913939207,-17.4540409099059,-14.6965102679114,-16.504374791937
0,-14.1177896507873,-14.5664359605563,-15.403333687194,-15.3099599611069
1,-17.364365244887,-12.2596377723308,-17.3421958299454,-13.5026583295225
0,-14.3757565105023,-6.74135701816888,-13.4690269023607,-5.02200326115526
0,-16.1171553197126,-8.94135008182942,-15.1237037332639,-10.1233737391639
1,-16.4021615547892,-13.1458267976283,-15.2452924042671,-12.8930679547097
0,-16.8542413188421,-16.2775517424768,-17.040338323893,-16.039001056198
0,-15.0045543248731,-5.49412482524555,-15.5974895717716,-7.52372199166123
1,-20.8707604914235,-15.3610641286155,-21.347207129077,-16.4596074837459
0,-15.2207220497679,-13.1869421956275,-15.2564203556712,-12.6194849389348
0,-15.828135819934,-13.8318421398511,-15.2631770788261,-13.743480558144
0,-15.9407129619511,-14.2102673823882,-17.4119680853754,-14.6493114980837
1,-15.8565531585925,-15.7279028563226,-15.6952470520101,-15.2031291027821
1,-16.3781450452769,-12.3594150233929,-17.1662092505801,-12.478874525523
0,-16.2792522022539,-13.5180192656603,-16.2245725013108,-14.4474382929695
0,-16.8677154985263,-18.8099997093204,-17.5896296166461,-17.3838231622188
1,-18.4639530567468,-16.043922471497,-17.7588482165892,-14.9566534535606
0,-11.7656554440555,-7.23399034651337,-10.7887702597612,-6.815803765938
1,-15.6457422854552,-13.5356523541562,-14.8611757667991,-13.6262324867743
1,-20.5943462812916,-14.7747022741454,-19.4376615902441,-13.5296613754162
0,-17.4159884817126,-15.1934820047195,-18.6030180109856,-14.5350951640709
0,-18.2591999572466,-15.7697985560188,-16.2745104617057,-16.5666506651104
0,-17.4755447587992,-13.3638081879674,-16.9326681908469,-14.4530396599615
0,-12.5663586295044,-8.83064598039079,-13.8068830813612,-8.59985668061537
0,-12.5118136060652,-4.70254190876817,-11.5124592062732,-4.36791292539821
1,-12.7001247012832,-9.74182184527771,-15.1448535166298,-10.0019857451916
0,-16.2463910734402,-14.188542216072,-15.5016938279007,-13.6941047587003
0,-18.1089861499685,-16.1821788869533,-16.8791424680682,-15.9006454028366
0,-14.7333499651384,-7.1200831542545,-13.2248647918355,-7.26395468274435
0,-14.3817104305928,-12.3556896594182,-15.6012153095504,-12.6487811436722
0,-15.1633516251206,-14.7435536393384,-15.6547604126704,-16.2431558919397
0,-15.4221515501041,-13.1900338656113,-14.9754520652905,-11.6923674906114
0,-16.5735015895885,-15.2241848691174,-16.4849822637667,-14.6524966634673
0,-15.9883865244999,-15.7602454490394,-16.4241033024975,-16.4361243833461
0,-19.1559639049165,-14.4689458240208,-16.9326208057625,-13.0228528491719
0,-17.0706469144124,-16.3245517435058,-15.9544091895875,-16.6146111120862
1,-15.6983910006674,-12.5807891791161,-15.3704088791039,-12.3873165652327
0,-15.4202191091081,-8.97282657059168,-16.4033836237994,-8.65012929522239
1,-14.7580911659873,-10.3120112859155,-16.6848397416931,-12.1113729542828
0,-14.7760278924435,-17.4988015392083,-15.7308314679869,-16.799564740375
1,-18.6926095138309,-13.3371593799032,-18.56524554853,-14.2912390779923
1,-17.7865099650357,-13.6314244975338,-16.6204544521273,-14.0964838490373
0,-13.0832611388123,-2.53267387611755,-12.0929076712166,-3.08389923084708
0,-17.8039264820203,-13.4178243202323,-16.9860743376151,-13.1999810025652
0,-19.9796073428607,-21.9112544405311,-18.4865913530076,-20.5434580533727
0,-17.3841895895971,-14.6286887924477,-17.212812072117,-14.4696074935929
0,-17.0513542677921,-9.88658092258522,-16.2340997199674,-10.7047037182896
0,-17.5694278475887,-13.7674466068494,-17.5603189781042,-13.6125621048857
0,-16.0998408772871,-13.9310675367655,-15.9094853654821,-13.6017752860042
1,-16.7727659588401,-18.0637944148171,-15.7429176287153,-17.5603381120974
0,-17.1251806503513,-16.7184320238391,-16.309050244643,-15.543890890709
0,-17.6752507788496,-15.1237734818657,-16.815086301471,-15.3898069641724
0,-11.4081713513419,5.06030376238387,-10.5717515720262,4.93718236876463
0,-10.1326704972311,0.454252264881598,-11.9935047402344,0.0157608050963498
0,-13.850483907143,-8.37403248329506,-13.2660998509216,-8.75743515263904
0,-12.28668716537,-13.766942637326,-14.176705541763,-13.6452260560834
0,-14.0421388694008,-15.6344519086999,-14.9674325659967,-15.6539365739587
1,-12.8111102851743,-5.96381366246091,-13.2680817832422,-5.62748385886291
0,-17.167647084289,-13.3942555907175,-16.862695363249,-14.2725276406252
1,-18.9862837976396,-14.110210051275,-17.2838152639747,-16.1101497708276
0,-16.8101880979542,-12.9495465147325,-17.6682387490617,-12.4001556972207
0,-13.5284813933207,-12.575076087456,-15.3135700803021,-12.0349738556687
0,-16.4462639497459,-10.7285282210671,-16.1308558586499,-9.95433398117264
0,-13.7776396856295,-11.765364691439,-14.4493280752202,-11.7374545012515
1,-16.8729683064031,-13.714961065295,-16.6322481810872,-15.4244599224206
0,-15.427375642167,-9.22226051467939,-14.914414828807,-11.7037139355654
0,-16.2533143773445,-16.1245710686727,-16.862344151987,-16.632035357324
0,-16.6912011117459,-20.1964176980919,-16.3121784817626,-18.4059726009729
0,-12.010015228086,-2.48943677202323,-12.590601882588,-3.36746444184383
0,-16.2293053341207,-16.8671900554669,-17.699800004414,-15.0641759583767
0,-17.4921157304956,-15.7598463035426,-17.5555040340651,-15.4198559621781
1,-15.4071208303586,-11.7067467121199,-15.9315166924554,-12.7581640325033
1,-13.6093970514974,-11.8670386717246,-14.9146491057091,-11.4747685948509
0,-16.2319976218741,-14.6494178900978,-15.5879527429432,-15.2619022035467
0,-14.441998914851,-8.7169143582094,-14.5919490575254,-8.48154892919907
1,-17.8634907721728,-13.5510159347676,-17.9199533199093,-14.869175489825
0,-16.8075344051321,-15.4241464450063,-16.1824462471857,-13.7253801763505
1,-14.7422490188644,-15.3492671048232,-14.7891740894741,-16.1829454416491
0,-18.2202558763048,-14.189529022234,-17.2283634225794,-13.7982446136592
0,-16.8241985939467,-16.0270789419057,-15.8594117254831,-16.1369234182259
0,-16.8308843639356,-14.982632700613,-16.9674595797801,-16.5407369910717
0,-13.564114367871,-12.9949850669011,-15.5062685552251,-11.4744135300202
0,-14.6719871132849,-16.1549811812002,-16.6580215200451,-16.6923041282571
0,-15.2399428709012,-14.3891742448085,-14.3056679190166,-15.15887176111
1,-15.362548803681,-13.6242622511552,-16.2815094043683,-12.1988275120561
0,-14.4990513299511,-12.7596582809887,-14.736373720177,-12.5978076178913
0,-14.0602751648094,-14.5634926484941,-15.5192369135,-15.9243275953073
1,-16.3121148352737,-11.7580854172797,-14.8487315326973,-13.2859757109543
1,-15.9344005450039,-11.7235737768118,-13.9184520298805,-12.2758102756474
0,-18.1375484955341,-19.3076623149166,-16.3888537254657,-20.477059135288
0,-17.7879790195687,-15.1022476140666,-17.1850364404964,-14.6413073699035
1,-14.1113711273406,-11.4818175333444,-14.8625707209883,-12.001781306642
0,-15.1289443408394,-8.72577881271514,-13.7611136056246,-7.59533268131363
1,-12.7547880166676,-0.468996960874651,-13.2438984260882,-2.53055890998954
0,-27.6367003029263,-17.0786393871476,-28.5526803868728,-15.5908445138275
0,-15.4315562551076,-15.6609828568528,-15.1490215025422,-14.8721985220699
0,-13.2276691968124,-11.3676968836002,-13.3942033065192,-11.1787561888688
0,-15.4644612332714,-10.7268294770725,-15.7568184192503,-10.4972769941182
1,-15.1015459720644,-11.4334106277629,-15.1764005450215,-10.4883135241576
1,-15.9145526569813,-16.3274452074848,-16.491113370207,-16.1804843250108
0,-19.3961891834296,-17.0780952551594,-18.2049478326721,-16.8179222386365
0,-13.5135375608224,-9.45252936960894,-14.5165469033362,-10.2630221973359
0,-11.7245977278483,-6.28920482387021,-12.5065916467202,-6.8823976070177
1,-16.1700343093536,-13.8153782089131,-15.0458550046612,-14.1611046934911
1,-16.2243440246657,-15.7829774963383,-15.00661003182,-14.3276903155367
0,-10.8681012264078,3.33966593016618,-11.8970231499685,2.67851421801945
0,-16.5809901671334,-17.4309758399921,-16.2549969625701,-16.6830041026529
0,-21.8506213965912,-21.2939097150519,-21.5035844471421,-21.3081017017846
0,-22.1151734167525,-19.8517335842652,-21.4273499615414,-19.2591621568709
0,-14.7538642034732,-11.0794464109303,-14.8488497393334,-12.1579601221675
0,-20.5758162170256,-15.9050839396355,-18.9977068755555,-16.2669649726536
1,-15.1005825720026,-16.3718997216737,-16.4540667772406,-15.746479352763
0,-15.6459881543447,-12.2496400620684,-16.0490304114023,-14.0069038315045
0,-18.8970405550476,-16.3767422963921,-18.979611975586,-16.7986406060991
0,-15.8998565338891,-19.5374218095588,-16.0096233936774,-18.9688595089994
0,-19.6946374581159,-20.1449819472122,-19.5769081973451,-19.7861675285614
0,-14.5934289932351,-14.1761851324002,-14.9668902699146,-14.8531135932674
0,-13.2065585553286,-8.84735786179538,-13.3180996065653,-10.2617815049082
0,-18.2990098902919,-12.1632161964231,-18.3561079715064,-14.3625517663681
1,-15.0918981085014,-9.63939362891826,-15.6885307225277,-9.65514097319161
1,-14.9208516572212,-14.9137666137863,-16.2236322334292,-15.9570507895543
1,-16.6918205452263,-14.3267013766665,-16.0906727321677,-15.5497568341508
1,-17.2346490431535,-14.2317401851564,-16.425085487358,-14.9284499063775
0,-17.2341056605467,-13.3497243723312,-15.149741226305,-13.0810514457604
0,-14.745410212082,-12.538461118567,-14.4448997409116,-12.5305198908437
0,-14.6760551920917,-11.4559237919848,-14.6646685464314,-12.3684277123397
0,-15.8772209351853,-15.3951495024633,-15.61125077331,-16.7179817302536
0,-12.8876625519068,-13.2167481021819,-14.6539068773364,-12.8534017964607
0,-16.6871226078413,-11.3163217739554,-16.2598319281698,-11.7346244895636
0,-13.2293999435188,-8.42324432568147,-13.7747081438015,-8.5889854192768
0,-15.4965681943617,-13.2761476911067,-16.4417045870824,-13.0870223957398
0,-14.3553504118314,-9.70027182002488,-14.2496246373094,-9.46144266139038
1,-11.9169953272989,-10.6896662102831,-14.298267369238,-9.45301405978203
0,-14.8911831111051,-20.8059398110638,-15.5574274751542,-21.8682782200568
0,-15.1765541610798,-16.847734835549,-16.5565229718459,-17.2105634340503
0,-15.1265717294534,-15.6292909777442,-15.4046983622094,-15.4058313248586
0,-14.852692595723,-12.1758754800138,-14.8544721822442,-12.3752028319916
0,-16.9690601646498,-14.2084130440305,-16.5325600167652,-14.8562670600371
0,-14.9766319744167,-3.39386499260612,-13.776793202351,-4.98282863003113
0,-15.5626666930105,-18.4638919447242,-16.1669370504017,-17.3691063871714
0,-13.7191881512549,-5.12331453983418,-12.8713999713643,-4.93092395204771
0,-17.2415951987955,-15.8214426554339,-17.3372294896707,-15.6333544666854
0,-16.0836085640751,-9.03373318575983,-14.8391655982996,-7.42100799828683
0,-15.9110965043884,-6.82623178413917,-15.3892698949788,-7.05471034728833
0,-21.5091457726516,-13.2865560877051,-21.798629464453,-12.6305748061695
0,-13.787342112875,-9.56806194634005,-14.1735352087515,-9.29966098356201
1,-14.9893891312306,-11.8006853076439,-15.3903678061511,-12.5591547311586
0,-15.3584678045492,-10.5316049505199,-13.3874943655136,-9.63647944789279
0,-16.0906192980524,-14.2313610660094,-15.3907437601956,-13.5176782529748
0,-15.9403519709835,-12.2931357792968,-14.0084954893657,-14.2953714227722
0,-13.9022633087726,-9.41657791314268,-14.4288385751163,-9.01794670818583
0,-18.118588433814,-14.4077267126988,-16.7401748981885,-14.6993615365093
0,-16.743970987967,-12.6656567118371,-16.2869108372414,-14.4799533850417
0,-14.4505286038892,-12.9395953271701,-14.9098583128048,-13.8444682257938
1,-14.5385306547744,-0.646073610004238,-14.2050550385434,-1.77562310811988
0,-16.611612362333,-14.3151982745214,-15.8593799897371,-14.785981478411
1,-16.2082618979511,-19.2216930344863,-17.2693742183794,-19.9520889632394
0,-17.3214478667175,-15.0824951271752,-16.2659407566061,-14.2075690894321
0,-15.2292638244768,-16.1729840878483,-14.956721562053,-14.9717126669014
0,-14.145936466997,-16.0859269900509,-14.7341503741738,-15.7779179414269
0,-17.3448561900305,-15.9537116596171,-16.364924825841,-15.8991482366599
0,-17.3122726304636,-11.219196263511,-14.4818001251779,-10.7182995697291
0,-18.1694860079663,-9.81574341166471,-15.9775068704402,-9.33285892319793
0,-16.0444276827919,-15.9259960377797,-16.0538521328744,-15.5960672856753
0,-16.4873920216213,-15.2656646248908,-16.7859733564606,-14.213587242213
0,-14.0374041347851,-13.8515469095018,-14.9215868387722,-13.5096187677917
1,-16.4236442304176,-13.2651058818129,-17.6316116964201,-13.77632968022
1,-16.3233743337488,-13.5420377008474,-16.4382127315767,-12.5820311889265
0,-16.8375378593013,-23.3955507022835,-16.273232710013,-21.3446326083825
1,-17.7442039637475,-19.4398967496092,-19.3909878299971,-18.1216619466498
0,-14.3697086868021,-14.0626786264677,-15.4601977319568,-13.5943785674956
0,-16.5081604371297,-17.3754169471611,-15.8887310195818,-17.8222309603029
0,-16.5668599006912,-17.6526147392291,-16.1287121272949,-16.2481056403234
0,-11.2590716269578,-9.89870822808001,-13.4509849392447,-8.9272046936905
0,-12.9527718143703,-7.87939235889687,-12.6419681886028,-7.72889062788621
1,-16.7761411964208,-16.4298343788417,-16.3249411040302,-15.3292430598849
1,-15.3266030963019,-13.178434465313,-15.788693546551,-13.7402518559712
1,-19.8112641428728,-17.5604116147987,-17.6613171557901,-18.6530851482611
0,-16.1277476034452,-13.9131176370821,-16.82299541475,-14.2457326134359
0,-16.6722516790373,-14.1739334096451,-14.9364031134845,-13.6292230835764
0,-16.2339403095306,-6.21377434298014,-14.013438032274,-6.10701376307727
0,-16.9005926675771,-15.5253345305034,-17.3141800785201,-14.8655579998163
1,-17.5910065435963,-12.1685943731578,-15.2029776768977,-11.1482662370991
0,-16.9504159938882,-13.9718030590678,-16.6186087238247,-15.1390389387677
1,-15.7634490883895,-16.8401297177657,-16.5217479228925,-15.4115839871365
1,-15.1154397683002,-15.1651545537603,-15.7783693994925,-14.4744253911562
0,-16.6927105567879,-13.2984111922249,-15.5808215850424,-13.533009798779
1,-18.7954675568372,-13.8322325205565,-20.4862568753381,-14.4865648069097
0,-16.4592039912175,-13.8047428463747,-16.070377847104,-13.6342391232284
0,-16.0171133851691,-17.0394684200463,-15.7278124418738,-17.5608357850322
1,-17.415497596363,-17.4588393078698,-16.7084226724838,-16.0353210300503
0,-14.317547287851,-15.561047636058,-15.7637096397497,-14.8079627861707
0,-16.6419185222291,-16.0192016093664,-15.7812183408266,-15.1044161981318
0,-14.818778884003,-12.4050099392873,-16.8647195803183,-14.2921129050306
0,-18.6116537357359,-13.4013542505941,-17.2942350882873,-13.5503540800434
0,-18.689662853614,-14.279514169924,-18.056055713611,-14.1628869393584
0,-11.0300511186124,-8.48150039738663,-11.3088036217541,-6.83953849702114
1,-14.5750806502185,-8.97061090074291,-16.3280388447255,-9.96174204429892
0,-15.8325606194651,-13.8442891594129,-15.0674933260757,-13.8737779329415
0,-16.3088592794576,-15.438740078903,-15.1903838294048,-15.3095547139844
0,-15.5273153951412,-14.31323456359,-15.8671947402578,-13.8567882485971
0,-15.4223420418928,-16.6190466638524,-16.1774264829642,-16.3784963754337
0,-6.51721901444548,13.7913866263814,-6.33888582050024,13.2934797992996
1,-15.4684384319345,-15.391177868786,-15.5359668906615,-14.8959871108518
0,-15.8857953126161,-15.3500236593575,-15.7102369031718,-15.5199312030379
0,-16.0593925589123,-14.0154461306353,-17.3675029272565,-15.7595182810841
0,-18.541110092353,-17.1595044273069,-17.2771616338699,-17.3859426304723
0,-16.7297565124613,-17.9792336502451,-17.0766551413748,-17.2484794660153
0,-10.8204511271618,4.76281341976588,-9.08752562310175,5.16207114180322
0,-18.2644314819032,-18.172154881189,-16.7773764383895,-17.8384112311281
0,-12.8241484738579,-15.2413289653821,-14.5808739627646,-14.8833053736993
1,-14.3448385632924,-13.3676748487863,-14.9201034250191,-12.7051371166529
0,-17.8341827172345,-13.3562780037819,-17.9429695350429,-12.883553702855
1,-15.2849283303028,-18.1564348495201,-14.6204232347446,-17.8767026516173
0,-15.9632804533822,-13.8331560759045,-15.9901834362582,-13.5247312118766
1,-15.5110133444729,-9.50210318875397,-15.7712854236183,-10.0185062128004
0,-15.3960798847827,-10.2536456609273,-15.103883102267,-9.8359670563094
0,-17.2795776292211,-9.91065956266957,-16.7746660415256,-10.6062979766119
1,-15.6133182435358,-15.4709943829467,-15.6607140843403,-15.6261947655681
0,-15.9499739949902,-16.6894267181682,-17.1484136069438,-15.4423358640113
0,-15.122609225272,-14.739615677612,-15.020198778432,-14.1965407401164
1,-15.221030714073,-8.07703804252204,-14.5646268936593,-6.87713349483641
0,-14.3854498171246,-10.7432352861916,-14.6045440789756,-11.7193609810999
0,-16.5755068538534,-14.4444186746305,-17.2353730714316,-14.9418817279138
0,-14.2512300031256,-19.0069233362112,-15.8483128653569,-17.6690326561241
1,-14.6152927981216,-17.4861443019222,-16.3631857489721,-17.1099180870685
0,-16.5462595472969,-15.2122553632044,-17.0059696852098,-14.3769492210582
0,-16.0255591098819,-12.4659072170841,-16.0660405071081,-12.1466816662214
0,-16.1507067522272,-15.4185994873331,-17.044169907239,-14.5181414501593
1,-16.6271212582772,-12.4013159734314,-15.1913696222728,-13.6641144614816
0,-14.2372046339099,-9.7867622376068,-14.6557256556601,-10.0525394457919
0,-17.5395969995288,-16.9855825857116,-16.6328130935548,-16.980687061286
0,-19.5845635751984,-14.8034191500925,-18.4281473876403,-14.1958709935477
0,-12.894621375487,-12.202623835749,-14.1865374285615,-13.1267264547131
1,-22.1229369272744,-16.9036666685948,-20.6546486513259,-16.2333791177127
1,-17.0767009415126,-12.4307217851991,-15.6785096399911,-13.250519241516
1,-17.4161580640216,-9.40654494877013,-16.8748523574437,-9.89490690341078
1,-15.8385740259338,-11.6985521596196,-15.4508210743431,-13.2540245531142
0,-14.8771073381914,-11.804814655871,-15.1611240732676,-13.0051312124217
0,-13.6683394235465,-15.0327254052984,-14.5749738986277,-16.1707998510547
0,-15.6293884251483,-10.5166526569115,-16.1425813838818,-11.5283208712309
0,-14.7369541097774,-9.10237841545501,-14.2690176690095,-8.57375315307413
1,-12.9984271542103,-13.7050186119232,-13.274828190699,-12.7495901641736
1,-16.759676583744,-10.7076864157857,-15.9052941712427,-11.9076425490843
1,-13.3846324736439,-9.2248746534591,-14.7380617679208,-9.39101665334151
0,-14.7259298978282,-11.194948989478,-14.6267447640059,-12.1288021618077
0,-15.7816099212808,-19.267385464397,-15.9956944897125,-18.9190113742574
0,-14.694177994926,-5.01165004246044,-13.5820996860013,-5.53689372202089
0,-14.3526823745671,-6.84554715049495,-16.0080055607429,-6.75921375616319
1,-17.7898521428766,-14.6574470150269,-17.300222931728,-15.2104167437643
1,-15.5210728430244,-13.0677892603581,-16.6009315960773,-14.0708394633922
0,-12.4945880121025,-6.59061611642039,-13.3051502346572,-6.39503229661162
0,-18.2206158776845,-15.3262222108179,-18.5999677685538,-15.1694706356242
0,-13.8591746097278,-15.2319876787365,-14.772883694209,-13.7214182605792
1,-15.4227420778278,-10.7561544894328,-16.2338576454473,-11.092501714278
0,-17.9365458459169,-16.5353050981789,-18.0555916184225,-16.7035756425333
0,-15.9607200657717,-8.84771724382422,-14.1387319754145,-8.87743009476099
0,-18.964586493418,-15.5409222183703,-16.3445309982074,-14.5074200124353
1,-15.5775148657493,-15.2550316009008,-15.4537086586581,-16.5228972063457
0,-16.1717677995695,-10.9344105722322,-16.716872351702,-9.79762595986244
0,-18.4796371063611,-14.3404207349071,-17.4095675819101,-16.2275039455958
0,-16.6447678399871,-14.349382667418,-14.8343024831807,-13.8738061534477
0,-15.902013497695,-14.6667981610926,-15.4749619505675,-15.8407844266711
0,-15.012894270253,-19.4630686989005,-17.1007225573624,-17.9966808531036
0,-18.5551201598895,-15.2316882584477,-19.167544985494,-14.2932741526694
0,-21.1073894763412,-22.1093804298107,-20.735461888485,-22.1604535940366
0,-13.5279639188855,-8.72643880265071,-13.1194099607955,-9.83160737909068
1,-16.9446544416234,-11.3952009646221,-16.7572563931884,-9.64996123534302
1,-19.7066270231867,-12.3217404227283,-19.1475185457343,-12.3474195578266
0,-15.0224515931342,-10.2499135891468,-15.3296286749608,-12.2078443404905
1,-15.4701260338437,-11.4550077852687,-15.609711628291,-12.0967580803607
0,-18.1719602647714,-14.6023103288,-17.4751278896191,-14.1179458129453
0,-14.9202812007119,-18.032482977898,-16.6049704085029,-16.8237630312174
1,-14.1012086289154,-5.92718197313004,-14.1895378435925,-6.95632528534804
0,-16.8552969522332,-11.9185184364905,-16.8309702080209,-12.9690269362771
0,-14.0642718427205,-13.8284520325033,-15.1101314213564,-14.2165763021079
0,-17.0232105547079,-13.1026232011979,-15.3666219932753,-12.6302499209765
0,-25.596795132623,-15.6837076794943,-25.2087495633108,-15.142840255033
0,-16.7784005195311,-13.5734215268154,-15.5255330395943,-12.081778546543
0,-16.3795247648664,-17.1113759671997,-17.9946170225882,-17.0217954881044
0,-15.2404623950135,-10.7495181618418,-17.4299102124333,-10.8289273651651
0,-16.6437219754653,-14.7352629429849,-15.6286641361757,-14.7664909845014
0,-14.8169259186871,-10.2971836827358,-13.5971435567243,-9.25113894128081
1,-13.6302658916558,-13.5546118492129,-15.177294815574,-14.0327269021904
1,-16.0804902213056,-16.0605947114786,-16.8217098742532,-16.0004022712366
1,-15.3743063019513,-21.1474705280371,-17.676040882636,-18.6694148352779
0,-13.7691263479824,-13.9675965110226,-16.0602095906112,-11.9389254192937
0,-18.0594266837947,-12.7081080174858,-16.5782472542726,-14.0651115756794
0,-16.4105373164427,-8.06995047596172,-14.9794790862953,-10.0187315603995
0,-14.7481781399103,-18.6187378718629,-15.6632855804011,-18.9679011770956
0,-16.5590870291645,-18.4605295842876,-15.9106694626229,-18.3976265981966
0,-12.5277032348739,-6.63083947611613,-12.2584345093056,-7.03408713861722
0,-15.8301713971283,-9.90226891869466,-15.8379559846878,-9.93993613970734
0,-17.0123170288669,-12.6715831178292,-16.7578271675835,-13.8682755323138
1,-15.1040167256168,-15.0266242528949,-15.8151322418164,-16.6354095889926
0,-19.4046278285992,-15.6312060392061,-17.6196368262961,-15.4074870084129
1,-15.9047414230228,-6.92610621480404,-15.1431717850453,-7.7961453882778
0,-15.594175418801,-13.0146287669035,-15.7901452208764,-12.5670795567813
0,-10.5413032853856,-8.55402409148132,-12.8821686021969,-8.78260421923859
0,-16.7600308657217,-11.7456157623367,-15.5753231413881,-13.1218299620545
0,-14.8246273767847,-15.1379873864925,-14.7898090251873,-15.5276528064691
1,-16.4950256136537,-15.6131782819621,-15.5331862796618,-15.9423824600648
0,-16.7446254676264,-20.3936865572979,-16.8377299899882,-19.6109494986489
0,-16.5157822775445,-15.0096309904657,-16.9258735349758,-14.1612122860705
0,-16.2930595892756,-11.1036467331783,-15.4567844741803,-11.0877491689141
1,-13.8878468607432,-11.0366410612173,-15.3190609306005,-10.3977214049088
0,-17.1080799757086,-16.4767054335223,-16.3347803328451,-16.3785327650422
0,-15.8318078898054,-14.9394682886844,-15.6572884737647,-15.0794868266031
1,-17.1363391974866,-10.9099953880543,-15.5917046967555,-11.1312988186509
1,-12.7665066290928,-7.98779487768447,-13.3197058789246,-6.53457228564234
0,-12.3819298455642,-8.16018514441604,-14.2312889512067,-9.42402040668619
1,-16.0146055316829,-9.24230178626378,-15.0516675350635,-9.97800360354747
0,-15.7047582506556,-12.461795468214,-16.665049560866,-14.8209604413195
0,-14.7221257417812,-10.2259652125106,-14.9711396207242,-12.2914305822392
1,-15.3012445333936,-12.8496372936625,-15.7474871641161,-11.5943471562379
0,-16.8702097294432,-9.7064792620766,-15.5097363069896,-11.1686764046676
1,-18.7253735047267,-16.3598103694431,-16.5415429010662,-15.8855143251419
0,-17.0140911769382,-12.2464130051695,-16.5687142567701,-12.9966211124836
0,-14.6615359748576,-15.220291882776,-15.1054988344153,-15.5942885433005
1,-14.380281656426,-17.308107400558,-15.3274532749672,-17.5661456904776
1,-12.3056140925739,-4.13645528908194,-12.373880858388,-4.45076784383249
0,-24.3197398028271,-24.4609064928399,-25.3008340083299,-24.9880500035528
1,-16.8092152443917,-11.6755734606375,-16.2679238375114,-11.8092805909501
0,-13.9202467268396,-14.5255167902372,-14.1372901440957,-13.4020278887353
0,-15.3804025064987,-7.09930519658872,-15.1746456213945,-8.30697632965232
0,-17.0947771962852,-14.9555473734189,-16.0641054704516,-16.103500218914
0,-15.5658808370163,-12.0446353534189,-16.0243697764858,-11.7747405309934
0,-15.3203796655955,-12.0353092646686,-15.6475177734907,-11.4477064980238
1,-14.760509284194,-5.05991464514503,-13.7682762460851,-7.11678343222984
1,-17.5121575989243,-14.5482511718973,-16.5797116720329,-14.960012474631
0,-16.1811794242121,-12.4803210263563,-14.6057029813583,-13.1369315767087
1,-14.9057427122597,-13.2768121584607,-14.9714171145624,-14.0304021171727
1,-16.4968050869253,-15.1064476855826,-16.343131430961,-15.3958915753602
1,-12.585764751299,1.20573961219573,-11.6886586769642,2.71255188083113
0,-17.1893068087138,-13.8951204276027,-16.484878680521,-14.2600397824033
0,-14.5366738580283,-16.3840669266152,-15.5117365456473,-14.9252067284916
0,-15.4321902011476,-17.1989343914024,-16.3468948512717,-17.7405771621739
1,-12.2437202471296,-9.03260360662876,-13.2595900332088,-9.21067586079
0,-17.0853297313211,-12.9155673134928,-17.0088993961617,-14.7898637630892
1,-13.6233672314774,-11.7955371531527,-13.7924799765209,-12.5891995438142
0,-14.3945623826481,-11.5508335150247,-14.4859992375691,-12.4441241355704
0,-17.4049065362889,-14.1667948497632,-16.6064300289277,-13.9807686824803
1,-12.5561376071078,-9.53458715545422,-13.0852641969886,-9.33860057124872
0,-15.9186743824946,-9.65087944501883,-14.1903015541541,-10.3125144354847
1,-14.0723496701226,-17.0526698993632,-13.8150104068484,-16.0927709923142
0,-16.8382240500659,-10.4918863132819,-15.1425030133731,-10.8074674601855
1,-17.6155916804501,-10.8760709323805,-16.0359268427388,-11.4961376608787
1,-13.689695989887,-6.23494334921322,-13.3813742750589,-6.86316700145946
0,-16.5316655207904,-12.2642020575788,-16.1997289298339,-12.6961049375711
0,-13.766263119984,-13.2650071805149,-14.8543050467451,-13.8397565008569
0,-17.1455793188226,-14.1759850757888,-16.0554145429543,-14.7246820736578
0,-15.0265663727577,-13.1184882518241,-15.1807372683589,-14.9442141141198
1,-16.789925570165,-10.5753237949774,-15.6425752614277,-11.6460543027432
0,-17.058331728264,-17.4568855784847,-15.8536216857994,-15.7061774280798
0,-14.4485880634359,-13.6208162845465,-14.122141818518,-13.5191698812469
0,-13.8614992967698,-11.6239696478483,-15.5032823489804,-12.3427230062942
0,-15.4718456437913,-14.8070155877281,-15.723483025345,-16.7671063740092
0,-16.2389419734512,-13.1973516424512,-15.961602027542,-13.4460120350306
0,-17.1129960496579,-12.3779865557474,-16.4010905754579,-12.0418159266522
0,-16.3297301350883,-16.9057687024344,-16.5122821714614,-17.7156635608142
0,-17.1381732253912,-17.7154378307781,-17.1522920492094,-17.0417938047842
0,-19.122979929318,-17.460750482204,-16.2191368741861,-16.3819886267638
1,-14.4319234142833,-10.4919643311755,-14.2830482287962,-9.80934052354978
1,-14.2931774845958,-11.8124591734374,-13.4328543693923,-12.2928321826445
0,-17.9910961423386,-18.0089455791164,-16.5582337972097,-16.8367894915434
0,-17.7644162958258,-12.0137061850907,-18.1072592321898,-12.8714026987774
0,-20.1621952865818,-16.7698340644601,-20.3300301981613,-16.3220267468669
1,-16.0438473128711,-14.4921653006818,-15.8116212961361,-15.4128108352745
1,-10.2262797372256,-6.47213127484582,-11.8664980150289,-7.01333891741038
0,-13.5143181658787,-11.9328387439832,-14.6140087823576,-12.4021527712939
0,-15.2772967592868,-18.2984441084686,-15.8512291760271,-17.5224420194068
1,-19.9728847619895,-15.7762960605515,-19.37792771356,-16.2226903883222
0,-14.1107398383704,-9.84209849244497,-13.4879469030108,-9.99753776362229
0,-16.1828451001405,-15.9030646139945,-15.6637309955369,-16.4918928225772
1,-14.9533993476887,-8.87571461564883,-15.0639024609038,-7.97884554332142
0,-16.5917262869126,-14.3486896230823,-16.1866304863699,-15.1167804020745
1,-16.5973608667522,-10.4409439500143,-15.7587514011613,-10.2358300385179
0,-15.8375978579192,-11.699745026991,-15.1553516219124,-13.002326675155
1,-15.3387145280359,-6.74170965249691,-14.6397152889426,-7.47063303080304
1,-16.9931641637006,-12.2133129130063,-15.1564610683397,-12.9959455391208
0,-18.1243316700816,-13.5279659003223,-17.9128408364658,-13.9167730450872
0,-15.6530241802803,-13.5518142901782,-16.8065950292196,-14.3289166685197
0,-14.0139524073466,-6.75249962872399,-14.0376044694935,-6.30601033268793
1,-13.7252960935104,-12.7992957327773,-17.1894578760338,-12.5462994108484
0,-15.7538678834796,-10.2535019757552,-14.2662132356035,-10.5367060598197
0,-14.8550126665708,-18.7455506071871,-16.3455703426923,-16.8440402467747
0,-14.674528771253,-14.4204751369118,-14.3373511358132,-14.2731962615023
0,-17.3865708640361,-12.5942914840278,-16.4395374912598,-13.4060619531326
1,-14.8588806075816,-13.244148256978,-15.4209676051752,-13.0944124253367
1,-17.0117805771329,-15.5610360780869,-15.5599705497696,-15.4317136676152
0,-14.7287202921433,-11.3115636311138,-15.735821153307,-13.0967632114288
0,-17.5194684746927,-14.1662515443318,-16.7238394146549,-14.0779448814704
0,-15.2466777655137,-11.8987061748449,-15.4322185301013,-12.2066296636599
0,-15.3411427785336,-10.0076849918833,-16.0445090081128,-10.8905807424382
1,-15.2597462318449,-17.1267397777847,-16.5121212522074,-16.0704378947338
1,-17.7730245574676,-12.554261334779,-17.4038531253588,-11.9808237078977
0,-16.5952852107143,-16.7096548777826,-15.7353228534625,-15.1956016418481
0,-16.79550240521,-14.3354442980381,-16.1029333748544,-13.8599841766309
0,-14.2931468767149,-13.6676473980598,-16.1467310801157,-14.1361348111911
0,-18.4463542482853,-16.7830124696703,-18.2369813757795,-15.2901865873268
1,-19.4055857497526,-16.8500049143754,-17.2923496731228,-15.7203655809321
0,-17.7454711675564,-14.9720146918088,-17.6860179940055,-15.0594391927215
1,-16.1327319987012,-11.4643441622487,-16.7502015464851,-11.8555271651943
0,-20.8143365328943,-15.9697450931288,-19.8391985480668,-16.1124132305731
1,-15.8469080005358,-12.5593288905156,-15.3541568137383,-12.7309857632125
0,-15.0713930834051,-16.5262633704767,-15.7530820814707,-13.8471288325538
0,-17.8861946872452,-17.2773943844591,-18.6922383878902,-18.7720667307683
0,-15.4365062699631,-3.2626468812843,-16.1557153186444,-4.25620745717583
0,-16.0420134788504,-17.9465766988797,-16.4117505000425,-17.6743384467465
1,-14.8479695730924,-12.3532727294112,-15.8250354102105,-12.9274544608708
1,-17.6086269869377,-15.5889610982552,-16.7327185135106,-15.4086491144241
1,-15.7661024494837,-18.9477204836361,-15.7107078921583,-18.7390991461824
0,-17.1594405151277,-15.0120274943203,-15.9843589106969,-15.9596734942625
0,-14.8938108878799,-10.9113711806004,-14.8674768111533,-9.32287285017018
0,-21.2042023964771,-15.6865237063307,-19.2070423938656,-15.6324407330595
0,-16.1929986955297,-13.3851361983742,-16.3802842711935,-12.4313415723018
1,-18.908087711959,-16.2016539634927,-19.0654573508152,-15.0042811465191
1,-17.3935227819957,-13.9717977093417,-17.1325675861617,-14.5359346898983
0,-17.5722868274792,-15.4609782440243,-18.4480979373403,-16.0582342304189
1,-14.0795627515904,-3.40949660379199,-14.7821846818012,-5.50188703005597
1,-14.705987099308,-9.49860138988996,-14.6268306189993,-9.89124462150763
0,-17.0165798057521,-15.7997667378489,-16.4772191731595,-16.0130829680217
1,-12.1806590258151,6.30590493085676,-10.1851231381701,5.47728079117975
1,-16.9780490343491,-16.2963243711344,-17.0877011713147,-16.5704928227832
1,-20.3976514867516,-15.843988921959,-19.3904782867426,-15.3202498344146
0,-16.912759751418,-8.08386655565151,-14.6702859759416,-9.0491486035511
0,-15.7158838949292,-13.7740534937998,-15.1989252604344,-14.6039357211578
1,-15.3741478325853,-10.3631194832674,-14.2094491114593,-12.1070963222712
1,-17.0344070993762,-12.233644535126,-17.0907775521365,-12.6327519455116
0,-15.9744088777477,-11.4378055691541,-16.3897549422308,-11.9774945889365
0,-17.7884077306602,-15.9827372147514,-17.2326637196593,-14.8961340537416
0,-14.9378203488907,-13.2376293309842,-15.7130786317077,-11.3866857634722
0,-13.8739113591357,-13.387618817143,-16.2634022258152,-12.1019391835645
0,-17.848253787587,-18.4034945253688,-16.6000999285487,-16.762988695276
1,-14.7377026785069,-14.4902463240844,-15.7535153359997,-14.9342143620289
0,-14.9022522700154,-12.7288437283691,-15.1642221460891,-12.027224076891
0,-17.9754974055334,-9.83625151920308,-18.3175140270879,-10.7302499675232
1,-11.7712575874327,-4.60402973267788,-14.4538756081337,-6.59901187499986
1,-15.8553430564892,-14.2418708710991,-15.7279043298692,-14.7684562627802
0,-16.3579308671684,-16.6193912279504,-16.2941517761632,-15.6694355136649
0,-17.1076479911511,-22.4562853427044,-17.1613180057954,-20.4596511744339
0,-14.7903894526266,-14.522445677937,-14.9453866341207,-14.5218114894442
0,-16.7245637991707,-13.5115452014424,-15.4658747722393,-12.1757542916664
0,-17.7986578166028,-11.4230617872745,-16.4450642916734,-12.0332041620515
0,-12.5526344972316,-5.01567294085832,-13.314607468768,-4.29813853927938
0,-14.3426259008674,-16.432456824146,-15.4867789380215,-17.0976532160567
0,-15.8428433735252,-13.2847182399842,-15.9118873457947,-12.9827801570381
0,-16.2235576702515,-12.2838980050608,-16.6537433763442,-12.3624131328367
1,-12.3901771683965,2.71587942165168,-11.038398281585,1.91078750110037
0,-14.2943468233851,-14.2079874265205,-16.1552113515879,-13.2553057800104
0,-15.5773906814467,-14.2720786400897,-16.6669303730701,-14.3196262943889
0,-14.1854861758232,-12.0306828669055,-14.3441409943146,-11.769403504638
0,-12.6174104141487,-11.1519661500533,-15.1348709335063,-11.4948237045969
1,-19.051368152915,-15.2128772169814,-18.2499958961408,-14.8855535843712
0,-16.7218964860446,-12.1220925465801,-14.8237550910512,-12.0922720597477
0,-13.3504334641458,-12.3590776226035,-15.0851294471626,-13.1783927034
0,-16.286291234058,-16.0540186594355,-16.8512946654988,-16.4505453187168
0,-15.8564563139026,-12.8192678208467,-15.185680657188,-11.8000725467685
1,-19.6316325546702,-17.3101422325511,-18.381479876616,-18.3423187709003
1,-19.2164082887707,-18.1307181932005,-17.1596984448201,-17.4956592527595
1,-16.6559213644897,-14.9528167596032,-15.7812133194699,-15.3520688319937
0,-19.0422282454939,-15.6439904042049,-19.0889630235767,-15.4949941899069
0,-17.7677301575907,-16.9642102247094,-17.4556454190256,-16.8689659968192
0,-18.0269404125733,-17.4039168032284,-17.1412338060988,-17.4609002082482
0,-14.7512117171759,-6.03890949803843,-14.3817546751286,-5.61395263614178
1,-15.415882724542,-8.33869938772006,-14.7229799069854,-8.54526155728314
0,-17.0327628551022,-17.4804322723687,-17.5224191153926,-16.5340420889609
0,-16.3190954021463,-14.2824442216622,-16.3630606107043,-13.3956359544845
0,-14.5573208211541,-15.2373751506515,-15.3435384875982,-14.8689860178107
1,-17.8251985818111,-14.3893011141017,-16.4154934136511,-15.2867187265469
0,-15.3227016062638,-15.4423849101926,-15.9014532934783,-14.8181730625522
0,-16.4742808446827,-14.5888570518848,-17.5096359360674,-15.07367969207
0,-14.4999234313201,-15.0367230346248,-15.1030047786194,-14.3495744987497
1,-14.7402597301745,-10.5093618774463,-13.3160295205504,-11.3085817162009
0,-14.4331125535513,-18.1812060249166,-14.1502876227972,-15.6456095970321
1,-14.1236243929162,-12.6639794993597,-16.2449968348551,-12.6845262157555
0,-14.3681123261934,-10.8741188187719,-14.1074319228295,-11.6950588987797
0,-12.4169955013536,-4.13510372296462,-11.8387213415662,-3.41673256010188
0,-15.9384619033164,-13.2515008958447,-16.3505222410874,-13.9609317045058
0,-16.9421773438964,-18.5012375985988,-17.1162198297598,-17.2654887141952
0,-17.2864258581359,-13.0271268086101,-17.2819361231159,-12.9439670824489
1,-13.5374588063848,-5.82342551130939,-13.8721581379259,-6.35508014603299
0,-16.6297419366092,-10.7822680437441,-15.6049872941132,-11.5152459097329
0,-17.4143575359046,-15.8150160737793,-16.3024370428931,-17.1877936508942
0,-17.296739579245,-16.5679204842937,-16.0516180425663,-15.7493942330713
0,-20.0332837834801,-15.9770164326642,-19.5908838991102,-15.4474522889635
1,-17.6660054495929,-15.6225855070321,-16.4480894397041,-15.2040094774061
1,-16.2832449567472,-16.3890424826636,-15.4125105507359,-16.3822428235664
0,-17.2008590714565,-14.9371009667718,-16.2727478008216,-16.7745394935514
0,-15.3532664310539,-15.6284076115858,-15.5878063409093,-14.7078825519128
1,-14.3492419741654,-13.3510351380838,-14.2739587190143,-12.1757961492751
0,-13.8625574600337,-13.2637919634669,-14.6613540317443,-15.0036682025963
0,-17.6323346853968,-16.2547101261598,-16.339863039552,-15.3675404664812
1,-13.758120965404,-12.9755695623061,-14.6513707722905,-14.2921490062686
0,-17.7087885079462,-16.4608406335628,-16.5832575927234,-16.056518359925
0,-16.4885376509563,-14.9915676914386,-17.5389735219399,-14.5046460099622
0,-14.5952905966394,-9.5410885098761,-13.7458121954207,-9.39175164935554
1,-16.0207295947594,-9.48306851378963,-17.2775818822396,-10.0614095259836
0,-16.059416282546,-7.60562888128759,-14.6155405466773,-8.03676419681938
1,-17.1499970196868,-9.98556969558526,-17.8321597817764,-10.6831146984692
1,-16.3480488424014,-13.0522750821204,-15.5453509152954,-12.7354006198366
0,-13.6829554745713,-14.8306423242038,-15.7882920467912,-15.3116969262553
0,-15.4463901218758,-11.5005591731478,-14.5516314914378,-12.8979115543869
0,-12.610151576585,-9.30500009857392,-14.1109908650789,-8.67959426899073
1,-15.1328179106048,-5.44822958680134,-13.4562801845631,-7.29455534862092
1,-13.4170755582662,-9.73208922334442,-12.7086140287156,-7.40529446177789
0,-15.7019661627373,-14.12409572249,-15.7893017960318,-14.8655605538595
1,-22.3871934633962,-15.9950805874664,-20.7534466429124,-17.0917846989038
0,-16.0092309982287,-11.2874672466022,-16.4761381353336,-11.9229292335974
0,-15.5137375211089,-11.4732932444598,-15.8511610647128,-13.1557700699223
0,-16.5630165341737,-13.972738657905,-15.6603947154698,-14.2695786948972
0,-16.6825769896684,-21.6285059698965,-16.5443878572742,-20.7816226133529
0,-16.1438139103702,-14.634588660391,-16.2629185261487,-13.5464224271611
0,-16.3924814173058,-17.3566369514432,-16.0667806955601,-17.1250166574161
1,-12.5691335509802,-11.2345465476518,-14.8967848078162,-11.3499088460331
0,-16.9195844772847,-11.7138422386895,-16.0608381015337,-14.1535830100656
0,-15.4042371018322,-12.5421244874111,-14.8792623444343,-12.1127846727133
0,-13.3603491694465,-13.2245856545489,-15.5289569010484,-12.9737167787455
0,-15.1263880562337,-13.479879382536,-14.9378132891135,-12.5574947270523
0,-14.9696058556603,-8.86373655236208,-14.6567916991272,-9.79992564745269
0,-18.3488910587481,-7.22495251567078,-18.1337755440494,-9.82588114747954
0,-15.5959174869789,-13.3983793273275,-15.7330520771064,-15.7660750189012
1,-6.52233374719453,22.5018342917249,-6.75073781978189,21.5051184213875
0,-12.9816561919317,-9.4209970379347,-14.2291846536904,-10.4007051348132
0,-19.5745633979494,-16.6105930491038,-17.9515437893619,-16.8371852175799
0,-10.2897874098711,0.200504708378741,-11.2473685386405,-0.512305697092438
0,-21.4142081123111,-13.63897949005,-21.4354908212242,-16.0341215951071
1,-12.6236250253456,-8.52216389364523,-13.4085297030224,-8.70216735098472
1,-20.738645442322,-16.5726463794527,-18.5309165536835,-16.0589101969987
0,-14.3879215438742,-12.8260719256051,-15.5463318084473,-13.6669572186523
0,-18.5374637003077,-12.6128648231467,-17.4178396393182,-12.7179055148251
1,-23.3735083151134,-19.984557699006,-22.916293290033,-21.0224994221883
0,-16.5921349928938,-16.2587040133928,-16.8146749952349,-16.5225924202387
0,-16.054226420733,-13.9022631879176,-16.3598087237185,-14.3372485372741
1,-16.3503534628764,-17.0378612573107,-17.9836291854733,-15.7351237496608
0,-16.5901256103193,-18.5375370265161,-17.2235237437096,-18.661503519151
1,-16.4263171501906,-10.8729903439108,-15.1438558695371,-10.9858210555147
0,-14.1463688539775,-12.535593247182,-14.5201452074395,-10.9839341282571
0,-16.9839823471466,-9.1968853449646,-14.3056628245709,-8.64390240709457
1,-20.5069600753666,-13.5559257676471,-19.9084522893958,-15.7578512145323
0,-15.6186095475003,-13.6113246206186,-15.2588991675267,-13.9518203480835
0,-15.6646747850164,-14.9659831933788,-15.7646304795053,-14.7962760198434
0,-14.5823704972488,-13.7651957052143,-15.8457399979334,-14.6115059735824
1,-13.1427577226603,-7.18167864443051,-12.7205252189987,-7.81460988984407
0,-16.2026607596519,-10.4995113632477,-14.8395763116871,-9.64027961818834
0,-17.316633532541,-16.2336709443504,-17.0825478328732,-17.0506544493149
1,-17.2381254194068,-14.7800461414562,-17.5433277344703,-14.0277526598529
0,-14.3180477376014,-14.8990057615625,-15.3898865301953,-15.2821539513662
1,-12.5907874379679,-14.8561631921232,-13.7894207383528,-14.0583720465505
0,-14.4994475011605,-12.8838994698618,-14.7020721869745,-11.6122755904267
1,-16.6377390422163,-17.7109411294073,-16.3675160958489,-16.6090710788916
0,-14.474767403701,-12.6974589145123,-15.8662974744779,-12.143538361088
0,-11.3921099908678,-1.05278572507116,-11.3176779324923,-0.780156754951704
1,-15.4319538616519,-18.1071027116776,-15.7422399269775,-18.1266411847333
0,-14.1269291691186,-13.1587897170485,-14.7846421784355,-13.839566455683
0,-14.2541551770945,-11.4868541884646,-13.8565839340973,-11.6465659146293
1,-15.8937318931907,-14.7017850761044,-14.4143859393169,-13.4472408411951
0,-14.6568906185276,-15.5415049809582,-16.036836685378,-15.1726407155193
1,-14.8961804749115,-11.446666384868,-15.7451826300958,-11.5156571657124
1,-14.7986071201546,-14.6199310568514,-14.8792082611317,-12.3958300661017
0,-15.9368509002791,-13.895504232951,-16.7310267919848,-14.2440629663487
1,-14.4606518972557,-11.9581752915644,-14.7650279943095,-13.0067598699518
1,-13.2861768000984,-11.2577888331615,-14.5696529653292,-12.5623339907044
0,-16.3203564163717,-15.1754916061172,-16.1162611523491,-16.2793970979403
0,-16.478124509836,-12.2242162216204,-15.6484159490304,-11.8492121112124
1,-15.8939666001553,-10.6895530237651,-15.6993564169141,-10.5103944983009
0,-17.456740991198,-12.7929665885778,-16.3194452028757,-12.6373531053367
1,-13.6205547021109,0.296130799627083,-12.4195380822148,-1.27928006274098
1,-20.1096527237214,-15.0867321202691,-18.4424028551342,-14.1859013959846
1,-13.8148677580874,-15.7794999781775,-14.4285218054936,-16.2005516274412
0,-15.6448144351614,-14.8301191697872,-15.9917049399015,-14.7284185575242
1,-15.1305794585949,-11.4847910964203,-15.2913404622781,-11.5079192813602
0,-15.8395598176197,-13.8366805165059,-15.9945554898097,-13.5692390736553
0,-17.1230372597247,-11.5302759865548,-15.5369453507148,-10.9409557285018
0,-16.3272993348128,-16.3459039159907,-15.5779021867453,-16.4594548148977
1,-15.4533851910283,-13.3111275249394,-15.7918786206877,-13.3036925137169
1,-15.2369464092909,-10.6329099493942,-15.8780212731402,-13.1919867587075
0,-15.9700757220205,-16.0355896146352,-16.1161004902407,-16.3272300612544
1,-13.5547774029061,-14.291139742064,-14.8760658198608,-14.3770857906829
1,-10.9761644637829,3.27499351978967,-11.8716601744115,3.264481878952
0,-16.2722137887648,-12.0385672379459,-16.0092164231848,-10.6984037993269
0,-15.5789519022862,-13.8611138800465,-14.8041654601084,-15.1016751074748
0,-17.2973833622502,-15.5877324182817,-16.6794019943099,-16.0537051241388
0,-14.9552793407361,-12.965423833148,-15.1053432289362,-13.6383918360172
0,-16.2810026707579,-14.6243471675931,-15.4507179978213,-13.6536186334032
0,-16.2932501141327,-12.4186677252057,-17.4587911840316,-15.1306730217126
0,-13.8218414293479,-12.2925101003168,-15.2755246290425,-12.3988430468026
0,-16.1790377550687,-14.3933746477069,-15.5634416435716,-16.2279049446351
0,-14.4157298130853,-11.2002989851608,-15.9449753559245,-12.0608983900403
1,-14.1602761566178,-8.56175880113165,-14.1149856347031,-8.44112682088626
0,-14.6993345978027,-9.56844523177862,-13.4776556263971,-11.9682657921309
0,-15.8505595038909,-11.5747437231826,-14.6978337453227,-10.5160028987122
0,-18.8097282239958,-15.7166773362144,-18.7117827135427,-16.0020019373083
0,-14.9762125650661,-14.378991147476,-15.8798867537823,-14.9386078858382
0,-13.7505883922049,-14.6929720626147,-15.6610211369942,-13.179625622653
1,-14.7342885023117,-7.58727406077554,-13.7719428148125,-7.00266140530118
1,-16.1939291370479,-9.91564772217743,-14.894129493056,-10.712958490726
0,-16.6003914059288,-14.9609936293174,-16.5404647728231,-15.9744057645175
1,-16.3537297834936,-16.3192708380675,-16.1790023342133,-15.2553900940339
1,-14.0087769688933,-5.98720548491932,-14.9456385559425,-6.89002899466987
0,-12.4942100142622,-14.8375209526694,-14.8534568975799,-14.8141798963501
0,-14.458962229667,-12.0135246933446,-15.1264442768734,-11.4868447996559
1,-14.4230147656687,-15.3790788578244,-14.8925263663188,-13.7951971325714
0,-16.1259533149564,-18.1152578407366,-16.8863169380133,-17.1679900079051
1,-13.8739522975555,-6.08636368377721,-13.4848947809882,-5.04504518292432
0,-15.4182132896605,-19.5439175638881,-16.2687195743696,-18.2940256948074
0,-17.1158210449564,-16.9488809510751,-17.4857227564282,-17.8541261856262
0,-16.0076287885286,-15.1096613884715,-17.1265190458503,-14.380038631919
0,-13.6669815201525,-8.82032787059501,-14.0480876594074,-8.7538849560025
1,-16.2232514625612,-13.7437652854892,-15.9100104463065,-12.3302459959753
1,-14.6040608251735,-10.6169298104956,-15.6419515315898,-10.4808987086377
1,-14.3980330891378,-10.2019752378327,-14.6714689046315,-9.73470154356031
0,-14.9716411840329,-17.3085647008762,-15.4301483779676,-15.5923269769531
0,-10.6947009273143,-2.91050435360387,-12.1347018709622,-2.40200342890321
0,-14.4875696755536,-12.0673493770896,-15.2277564742635,-11.9645296244897
0,-16.0137258388691,-13.8031398383085,-15.7497341689275,-13.8200453211712
1,-14.8570622355117,-1.71027899833931,-13.6572745893722,-2.68923841467743
1,-19.0830997974118,-19.1724864336652,-17.9665067952092,-17.4246758847026
0,-18.1449733579216,-16.3644336399688,-16.7526575952508,-15.3715469639925
0,-14.7742039239108,-11.0128339058901,-14.3101787283639,-11.6168356367931
0,-17.0878677867971,-17.729020077821,-16.7535951463347,-16.7441782866346
0,-17.4740046848505,-24.3927811145865,-16.614064760806,-23.6989096873683
0,-14.2790040778131,-18.8726911770825,-16.500603671327,-17.1406389427984
0,-14.4323145165387,-11.6722742966972,-14.6264920739884,-9.81650873845748
0,-18.5327064996393,-15.0979613368523,-18.0268552746855,-15.201347976029
0,-14.0216707992571,-16.2884956491632,-14.7199880138504,-15.7221623395672
1,-15.0154006008613,0.490203305938064,-13.2407774397792,1.89262826880875
0,-15.7488833596094,-15.5660171140427,-16.0591402548663,-14.1210355767944
0,-17.3784571808943,-14.3531243402476,-18.4747120078868,-15.3974072040017
0,-18.8486518830096,-17.7193539005931,-18.4073033697363,-17.8768077052889
1,-10.8681511490602,-10.8869554884924,-13.2355881223408,-12.1860886261751
1,-14.1067032684129,-13.4224904938446,-14.6899203834998,-12.835535175616
0,-16.0002354824205,-18.4699634600087,-15.2221135067326,-16.3847856670103
1,-14.4063007690116,-4.73819375415512,-12.7713485669188,-3.50656574425843
1,-16.7725869986431,-19.0235427402807,-16.7501230793895,-18.1438735666294
0,-14.9367416906735,-14.4022955305381,-15.7489959819951,-13.3891067533591
0,-14.255945034015,-9.26919335550245,-13.4332761875348,-10.9046397253654
1,-13.3649730533208,-11.4106482015352,-13.6847006521995,-11.5823594359357
1,-16.2941064094602,-8.68652223602118,-14.2453433386472,-9.60877381602384
1,-17.8688695393346,-19.4293071019016,-18.6044426228882,-16.5062630517883
0,-16.0036442970294,-15.8514520818958,-16.8319675096942,-17.1808655401816
0,-17.1076469857484,-18.6514621609698,-17.3111174503105,-18.7810419640428
0,-14.8943841580201,-5.38430901378781,-14.4154267996158,-6.42769304562282
0,-13.4718013453652,-6.83552570516795,-14.6017856373794,-8.16804065213909
0,-15.1362546236956,-12.4399325265082,-15.0040773350342,-13.0082454064603
0,-15.6673134434095,-13.7665136641643,-15.8023153701585,-13.4290528934925
0,-10.3330662260691,-1.76952476322048,-11.3789198901771,-2.16743129488695
0,-18.2430263720222,-16.3534237391183,-16.478443528763,-15.4541888924665
0,-16.0937615179225,-12.3678506132397,-16.4264087869943,-12.5300214795389
1,-17.3589285877018,-11.6182787257409,-16.4997987258913,-11.1052781938746
0,-13.6476752188379,-7.61927876630651,-12.8061425965957,-7.33030774294085
0,-17.8311325724749,-17.7801021689372,-17.1973254803961,-18.5046921794449
1,-12.7242835573223,-9.45266707383576,-13.4748706889851,-8.54385679937593
0,-18.4622939005066,-16.30643506502,-18.2791814015201,-15.2915556111265
0,-15.793341098208,-9.06802194490343,-15.092973115108,-8.81648628702806
1,-13.7953225471367,-0.203680188712138,-13.0819290284116,0.366296338447255
0,-17.1301628997101,-7.20139808785499,-15.913298709531,-7.25174872120888
0,-14.5056743806675,-13.7582331873376,-15.8425124837895,-14.3378366178452
0,-15.8363143066875,-12.2901234751845,-14.9719149345951,-11.8997207979211
1,-17.2599242397105,-13.6807135494221,-16.2988438817946,-13.6142902768929
0,-14.3731213489522,-8.51680839838025,-14.7445208805057,-9.72073948566642
0,-16.4337156621708,-15.8943281446749,-15.9898902459858,-14.9017709714664
0,-15.6157545513088,-14.498314471039,-16.5214484301462,-13.3076404342589
0,-15.7764410340726,-14.4924322023369,-15.5986441166352,-15.1693483611432
0,-17.7958387111406,-13.9556796283645,-16.7120036302906,-13.3467931211527
1,-14.5099005656269,-11.5414998385785,-13.5326108754559,-12.4002834372524
0,-15.7519081094076,-10.9339869001373,-14.7925347843106,-10.2722280481383
0,-14.701694321266,-7.69656189742332,-15.3925396751933,-9.38548115630818
0,-14.175070391722,-11.3542513784832,-14.1651278935621,-10.0391450068553
0,-13.3084553475087,-5.7092101062041,-14.083438136768,-6.46911627687949
1,-15.9636995880852,-4.22188823519176,-17.1103219840641,-3.2454611806078
0,-14.55188515411,-13.9297470540273,-15.9449226400207,-14.214120912122
0,-16.2658757364448,-11.5089420430835,-14.9730345218524,-13.9663376500177
1,-15.0237222947701,-9.452453104574,-13.4190461076144,-9.28387250907058
0,-17.0997589118389,-18.0230306024178,-16.0585129685668,-17.0957306707963
0,-16.3370124710092,-14.1029872224339,-16.4620744283481,-13.8403940268032
0,-17.3982966082733,-9.14084546820183,-15.0477215512262,-9.86327585582269
0,-11.32969230141,-6.29761324715674,-10.8763029612354,-6.33563343044248
0,-15.0153126668049,-9.72079455805196,-13.8920677319348,-8.9912206868915
0,-13.6903679278434,-16.1680710355814,-15.4772669918815,-16.3622049875197
1,-18.089723710529,-19.8079968314951,-17.2327762998498,-19.4856038132116
0,-14.6337704942078,-14.4548838665953,-16.6904921605734,-15.2025391033125
0,-16.2271386220382,-13.8984276894766,-15.8171424038604,-13.4023532706533
1,-22.5697518349888,-15.3379737194116,-23.6708980158044,-15.3174037313764
1,-17.6824915112072,-14.9266726538622,-18.1372303687333,-15.727301682242
0,-14.6620893934193,-8.22429474311737,-13.9084399091735,-7.8490986950658
1,-16.9059556649142,-16.0653913679201,-16.3421197254781,-16.1002274373622
0,-15.9632858200843,-16.7409796253779,-16.9358063437894,-14.2257574963884
0,-16.3885829724669,-13.1631854029311,-15.4626446415202,-13.3066354749595
1,-10.9651353422205,-0.844393710354802,-12.2184642339934,-0.871113974187614
1,-13.9415712546594,-5.02877689946904,-12.4745957184187,-2.47415407701784
0,-16.5902765790763,-12.4413672837914,-15.3073258918562,-13.1199787240189
0,-14.7473205574297,-8.49989715395139,-14.3293760541047,-9.25094484872811
1,-17.4775614218006,-12.9344514776831,-16.6604281371724,-13.8359296203253
0,-12.8283423219557,-7.69174159443889,-12.4427896487775,-6.16316153983017
0,-16.8339204368604,-13.5433492649737,-15.3592221637572,-13.6168840687141
0,-16.7558660152052,-15.4741407128151,-16.5394603995737,-14.5325348663225
0,-16.2724055185341,-13.5558340740121,-15.979319404865,-14.5667377337129
1,-15.5585873648516,-8.39995834356734,-15.5645004555575,-9.29503029942784
0,-15.8134312026168,-17.1705071519646,-15.0617987426418,-16.6646628145702
0,-15.9882504187872,-11.4171563518212,-15.142397876812,-11.2624302887218
0,-15.6631701447889,-13.5710179718292,-16.7205676184364,-15.2899806018646
0,-16.0150920254765,-12.2720640665292,-14.9381891924382,-13.4651669802119
0,-15.5906005859229,-18.045776917493,-17.1578980324334,-16.3378814804572
1,-18.5090299877038,-9.37703113920437,-19.0602515384616,-11.0348459755291
0,-12.0374721862293,-4.0070751256598,-12.3532447707991,-4.57706906395565
0,-16.1933297162816,-10.7961271110005,-15.3688820998717,-10.425451548339
0,-18.0668542305274,-20.9023569473369,-17.687303169228,-19.1285738683273
0,-14.9262042427015,-14.0065667079253,-16.3048445988633,-14.4566884582741
0,-10.715588897425,2.7231373908828,-10.5735760869785,1.35953030517982
0,-17.5008328442748,-15.7500976750485,-17.9813904763835,-15.2403455751173
1,-14.9641423799962,-10.8463003914762,-14.656887049482,-10.7750753679038
0,-16.9364758378918,-14.4652835061904,-16.838387956013,-14.92667287351
0,-13.6944477177485,-12.7032911769487,-14.3071796793045,-12.7176380017728
0,-15.7318330384515,-14.342134902774,-16.0726823754737,-13.4236877041429
0,-14.5253194377343,-16.2743203361762,-15.149892484759,-15.2005947360677
0,-14.1230298610862,-14.5113599121621,-13.2741817215864,-12.6907947140849
0,-14.8805194434486,-14.575180950145,-14.0659956696536,-15.2141891394118
0,-16.3509594951924,-12.0171157690411,-14.8034944188666,-11.6740673207049
1,-15.2933419959271,-12.6928488337022,-15.4500623509613,-11.1232246084441
1,-15.3961042733012,-16.2449842342148,-15.5835262185627,-14.516805002904
1,-13.8560108733031,-10.1038229417319,-15.8827754747002,-11.6265862442885
1,-14.5195317588706,-0.750274429708788,-14.8034215329052,-1.76726185653911
1,-15.9984245916936,-11.5132844338056,-15.9955396922752,-11.3363244429564
0,-14.9450739919259,-14.7255913558355,-15.0351586867861,-13.8748047096254
0,-14.9790614743652,-12.2112710487335,-15.0381705221986,-11.4157276259611
1,-16.0831316792025,-15.2305874694286,-15.0406524643689,-14.5311363819349
0,-13.7310451873411,-9.07070775471181,-13.5311204430662,-9.5049695290016
1,-18.1245381347791,-18.9698198100039,-17.6714871947928,-17.8643467958855
0,-16.1446933503673,-10.1220568107966,-14.9374539230017,-11.4335426106228
1,-17.6211138905794,-8.50765495790368,-15.8939006286624,-9.36012014964838
0,-16.5727173584845,-15.9704689373927,-16.2492489031274,-14.8089488204243
1,-14.7295902019923,-16.0663991728044,-14.551470089648,-15.3478120072072
1,-15.5263018724729,-15.6595735681864,-15.6225155705352,-15.634853581927
1,-17.5986536660645,-17.7607773317233,-17.2821205941635,-15.1509102092725
0,-13.1483933921834,-11.6790497143694,-14.9677967872861,-11.9037490311161
0,-16.3965053409723,-12.1617518235767,-15.9943944296517,-12.6398589077932
1,-17.8404824195617,-16.127340462067,-17.5895173264213,-15.9269077613974
0,-15.5200883969787,-16.1931990084521,-14.8588426043567,-16.7693477226288
0,-15.5678356446764,-16.4151493663841,-17.5253713752892,-16.522664722039
1,-14.2631338520422,-13.3549041609703,-14.3582583396286,-13.1696905526259
1,-18.2779563820153,-14.2740390544468,-16.6001879519229,-14.6727034142513
1,-13.8296922260893,-11.4986132384892,-14.1247390555574,-11.0689399380103
0,-18.3984192227131,-16.3954515854563,-16.9697222614385,-15.0153628467951
0,-67.245236863361,-10.4699191048215,-66.4744636429519,-10.5195511931568
1,-10.5265852795935,14.913426215329,-9.1787365912531,14.382812977748
0,-13.7616984324843,-10.1046301133478,-14.7985977541793,-11.8370493072964
0,-14.8022351921252,-10.700132487638,-14.6693124746756,-10.283540805485
0,-14.6770091937294,-16.7580790067132,-14.6962296404185,-16.2353769608828
0,-16.416546019792,-18.1518682048541,-16.6983638735684,-16.9283565817187
0,-15.0277434687332,-17.0884204534247,-16.0454234065434,-16.3235777235114
0,-17.4377869649492,-17.9868626791644,-16.461961752922,-17.4230074627881
0,-16.1067770385924,-13.4203647630761,-16.5272809506147,-15.2274704803478
0,-12.597917084694,-7.20716250135749,-13.3231983124221,-6.86656540654015
1,-16.0122071205713,-14.9227549004386,-16.3424846764486,-15.2813697946092
0,-13.7132909289365,-7.23611213333644,-14.3094494311164,-8.08961242039226
0,-19.4392898019618,-15.3378304619566,-18.2609701067233,-16.7744873611982
1,-16.3649854660518,-15.3286249416571,-16.9136110594612,-14.6373043957168
0,-16.3549744440897,-13.4881195284078,-16.42409685218,-16.6484282525387
1,-14.1678531253672,-13.2274815475334,-13.9714638746084,-11.7279265444533
0,-11.1129779958297,2.37144582588903,-9.60784064221757,4.04684787489728
0,-13.3401290140054,-4.62677717738474,-12.7991453325671,-7.6898351431731
0,-15.8311835507015,-8.61531050078724,-14.6854939311289,-8.53893507035126
1,-24.2603469472924,-13.551422236971,-23.5936345949292,-14.0087906987157
0,-16.286180783709,-15.281602903042,-14.2061696622186,-13.8767237223761
0,-18.350090484028,-19.3079242073109,-17.0866716467451,-19.4183111831217
0,-14.2677031722655,-15.0176778437232,-15.1631092572807,-14.7616659483572
1,-14.8135162298379,-13.8738310511559,-15.707925003474,-13.269633063693
0,-16.377773860811,-11.3096623305682,-15.3041478421334,-13.293445171561
0,-19.6584377303123,-15.8910911664791,-19.4874322998037,-16.9538566113861
0,-17.7413569815735,-11.1828277829679,-17.2047252775231,-11.9551533322919
0,-13.145211023818,-13.0392613794731,-14.664928905993,-11.964718931103
0,-15.2576456327164,-11.9891636678856,-14.6750131408968,-11.7335525246273
0,-15.9919078649643,-10.2767451084196,-15.2926527385352,-11.8408931425878
0,-13.6010729779105,-14.8070725158479,-15.9186069092819,-15.7634161632149
1,-14.5101964459998,-16.1527218591486,-16.5642167065561,-16.0632315079559
1,-16.3831810897533,-17.3838925604816,-16.7041816873184,-15.1268119201126
1,-15.8028512803441,-13.9797747728021,-15.5474567804863,-15.2337161442112
0,-14.0746526750557,-12.9561266562079,-15.5458228906507,-12.4425006794849
1,-15.5730070480371,-13.4209308314298,-15.4563722228972,-13.2116261125867
0,-16.0644711097257,-17.431869442633,-16.7014753859197,-14.9677350414609
1,-15.2417669818375,-4.7966823165684,-13.8511741487198,-5.03739638527951
1,-16.0495302144102,-15.1165503372603,-16.7486318360796,-15.7287511956695
0,-17.5607656661077,-11.7847446170319,-15.9697850541527,-13.8101648252182
0,-16.9477236912171,-13.8152491732317,-14.8579450025387,-11.7033609509687
1,-14.621720562602,-13.5202470289401,-15.4258038079626,-14.9302666190504
1,-14.2213327730249,-10.9115586535234,-15.0093429170036,-11.1161254594208
0,-17.8015199727179,-13.5957900590739,-17.1286265654311,-13.8499428827391
0,-15.8925642055932,-6.33768929931633,-16.135553485694,-6.54011915497496
0,-11.9577080976266,-0.983780563688861,-11.8353970563313,-2.18015590772034
0,-16.534323796946,-14.3776004589091,-14.8753624284092,-15.5766789796743
1,-14.8221422924857,-17.0596775380586,-14.9198765820264,-16.0557284936101
0,-17.0753104255724,-12.5540589656641,-15.7299251365936,-13.0953915949656
1,-14.7632387597147,-13.1899431839508,-14.1020456877962,-10.3057966671496
1,-13.9495320190926,-12.2309546087363,-13.2219647782268,-11.6951809779713
0,-13.5720347642406,-9.96999484319685,-13.0688915613479,-11.1744186282247
0,-17.3279969683375,-16.1317591720087,-17.5846057037244,-15.5792858837816
0,-18.3279784434898,-18.3632702627632,-17.0212628391633,-18.0241668233659
1,-15.3277055617303,-15.7730217564257,-17.7471857531056,-15.7676832538629
0,-15.0521578878342,-15.8390496702211,-14.2078052060635,-15.8463881902954
1,-13.5046029388864,-16.2453072900716,-15.7602008735167,-15.55391976398
0,-14.5667221320045,-11.4023287655035,-15.5471891612815,-12.1057453359779
0,-16.5672445965287,-14.9890440862803,-17.3358981659129,-15.4861804301803
0,-14.5338294142096,-14.4285200828936,-15.5968086716787,-15.603779407956
1,-17.4810656815543,-12.4007326649394,-15.6197983726452,-11.0883235842856
1,-11.948687313212,-8.15184646291025,-13.6077766160506,-8.43293328746361
0,-12.0966170030473,-8.17104477643715,-12.9666423088326,-8.20838118613325
1,-20.3921073321891,-14.1418317037568,-19.8503008504595,-15.3475326160222
0,-17.1614876770423,-11.6013078705679,-16.8109507543684,-13.758215947898
0,-18.8922585480714,-9.79607008530218,-19.1263471220688,-10.4033368584236
0,-15.6990101751724,-10.4987088300292,-15.7817404266971,-11.6434304478391
1,-19.8952050456824,-18.7199370832236,-19.0719811286692,-17.1921728588661
1,-15.4837597364468,-10.0721925572069,-16.5659319380167,-12.8240383217242
1,-18.4824259780926,-15.4296851233609,-16.5213810317379,-15.3134338378933
0,-16.0290499379126,-22.8009318660826,-16.6345683972958,-21.8693615847575
0,-16.193469907663,-14.3654711965917,-15.9168055579493,-13.5057839768107
0,-17.5666671529827,-15.7590068920702,-16.7247140122048,-14.7147322484976
0,-16.2596248080136,-15.112229444428,-16.2259493459811,-15.9637742661535
0,-15.7116289946092,-14.8392747099123,-16.4542671527841,-16.0394670914938
0,-14.4776296647247,-13.2462190995,-14.429321042066,-14.0358178396729
0,-15.3400246312287,-15.8354113464263,-16.3710123818571,-15.9616686084408
1,-16.3610661630366,-19.3015952421007,-16.0589903912079,-17.8029431260476
1,-17.892264231687,-15.6993868614505,-16.5063285478177,-14.7096326887566
0,-14.5025590167672,-9.68075503394084,-14.269769846163,-9.25628840559648
1,-14.7909257517873,-12.6411302390223,-15.0865856776153,-10.8990221748795
0,-15.2836448452024,-11.9259255233673,-13.91983716651,-10.653841699451
0,-18.1405303539213,-14.6822704954898,-18.6634339970269,-15.4939750823651
1,-17.3206772483814,-18.3190668384418,-16.4822214231218,-19.1808462581327
0,-17.1959534885171,-7.65788694438085,-16.7606409954474,-8.79934331650888
0,-19.1584100637711,-15.8923567212436,-19.6140212869171,-15.9928087181997
0,-15.7254371356772,-11.1803111254155,-16.1558596837418,-11.6730323292831
1,-16.5614938075276,-12.0377774399298,-16.3221744793226,-11.8862312147467
0,-17.8817657979315,-14.7763556206758,-17.8886199393504,-15.1151398246494
0,-12.9843720403024,-10.508001327477,-14.2811245654671,-11.2211284865524
0,-14.90575396826,-15.8697478418039,-15.080852667298,-14.3486187583124
1,-18.9096604539743,-18.2838662546902,-18.196033770642,-16.9910716131681
1,-15.2018376094832,-14.3679919087939,-15.4132838182104,-14.740590714695
0,-16.403421787715,-16.2842080598398,-16.3985516493061,-16.7978575732031
0,-14.2453328208443,-14.6474490007251,-15.8079935899333,-13.189492200721
1,-18.754574442678,-17.4241362802157,-16.6968969214592,-16.1624286106393
0,-16.5565043908694,-15.4795274583724,-16.1972443817323,-14.3854280586184
0,-15.9040861376582,-12.3047528111045,-15.2536535449361,-12.9304840345515
0,-13.4787427821312,-5.59804983352332,-14.1119457386228,-6.18077299720837
0,-18.0192082501364,-14.8985576074947,-17.2192728040598,-15.1675595325426
1,-22.4652531659601,-14.5015622962539,-22.8476390408972,-14.6697667674823
0,-16.3222765455685,-9.00351375663378,-16.4500304522538,-10.3611494722211
0,-16.0421482066986,-17.6665402554618,-16.8165791643927,-16.474033283098
0,-13.1584908194301,-6.49739013255873,-14.6446024083707,-6.48793275114965
0,-16.5704130602634,-13.3138161018862,-16.419037432325,-14.0111396501556
0,-17.2396874417559,-10.9905727432563,-16.4680454324385,-12.8718009957569
1,-16.5892371427418,-11.5323466372199,-15.8616828519054,-12.3873740868881
0,-16.8287288155809,-12.9859615578169,-16.3675393296748,-13.1253614897814
0,-13.7625653319068,-16.9568990340925,-14.5200594858726,-16.1854982507732
0,-14.6992491702051,-13.7297233792615,-16.1774495437409,-15.557763826736
1,-13.7366874933612,-10.3562512551135,-14.7226753730152,-10.6052893823048
0,-20.2388250721798,-14.9199640269483,-21.0961488082598,-14.1243338960476
0,-14.9065495970018,-16.0060034737297,-15.3327664705992,-14.2589077686929
1,-15.9159703513207,-14.1791963653821,-14.8240438233255,-14.2125247146877
0,-16.5991526432249,-15.6936269213237,-16.3979897761331,-16.6730180897847
0,-17.5588715625703,-13.0926526581082,-18.8500412271149,-14.7076750101727
0,-14.4452719648416,-18.0947968111007,-14.5429641277717,-19.1650264340467
0,-12.0375755323271,-5.04298591746428,-11.0534733516066,-3.96671355069654
0,-17.750528157273,-15.7398339708617,-17.7003873394771,-15.1761381011313
1,-12.9453400663735,-8.16399391094568,-13.3122957348436,-8.75098049255236
0,-14.4515596841169,-16.441728627084,-16.2586927312243,-16.0367266726314
0,-20.0338448899223,-13.7423013397715,-18.5937147286531,-13.915640253133
0,-18.647275286815,-16.4069987175223,-18.3142510249621,-15.2917787103976
0,-15.1492068706968,-18.0785300218051,-14.246240224267,-16.5881430889861
1,-15.3229745387236,-19.2482565090838,-16.2408141847674,-17.8077754274858
1,-15.1211944342394,-13.7690957465378,-15.1621642328733,-14.3676752435723
0,-16.5193450043643,-11.1858620810155,-15.6167298511525,-10.6671640559678
0,-16.1141946285274,-14.3726983622402,-15.2970588936905,-15.3466810262639
0,-17.9333159735762,-17.6240937327333,-16.9015759973505,-15.824993711883
0,-15.3491829438267,-17.2536964728807,-14.9022585076708,-16.2742830016711
0,-11.7809174369104,-3.8987736691507,-12.6614199834646,-4.07506660766539
0,-14.1242281627876,8.62873876443801,-11.0868436790837,8.71786915656508
0,-15.8209202677416,-12.0460641006647,-14.9031855225459,-11.6240812279362
0,-17.6587815203428,-16.0619407958692,-19.4813725703192,-16.7863391231817
0,-17.9363243536215,-17.1071617837516,-17.4568248417532,-16.142786404561
0,-15.6620497586895,-17.1431407576979,-16.1258914858427,-14.8899350272603
1,-17.045259084132,-14.3945319661398,-16.6725472403803,-12.2180285496219
0,-13.5099690618706,-7.26173168397939,-14.2748845081449,-8.31031008391277
0,-11.2171151325804,-6.37612463735584,-11.2975486654485,-6.8734531386396
0,-17.7636901981566,-16.181711730693,-16.6507278377301,-14.3859154736308
1,-25.9735614449478,-25.8792581224004,-25.2186810732173,-28.1982355568903
0,-17.0287457703523,-15.7339867022193,-16.0897154789978,-14.1172761395273
0,-17.1930206854071,-19.2214336428872,-16.714989980732,-18.4657868104165
1,-16.1333509870167,-11.5450759889717,-16.9177550674881,-10.9294148347586
0,-16.2695070777144,-17.1984002090095,-16.8152656178368,-16.0812111974191
0,-15.0329838021652,-13.6926662342578,-15.2506761678807,-15.717724447595
0,-12.4815665026182,-11.9152015359292,-14.3922485827561,-11.9185535999206
0,-15.0932683343102,-15.8277741765403,-15.3667970788027,-14.0893488727507
0,-18.6766408016556,-14.2154448550658,-18.5883923790721,-15.1903001473982
0,-12.9214803698737,-12.7538297285981,-14.3098163653706,-11.7880397971491
0,-15.3490362608596,-12.0085833368133,-15.0880043295487,-13.2807178720759
0,-16.4143546780309,-15.2387426919847,-15.8356589724851,-15.8599834737686
0,-18.0541280885101,-16.4007640012925,-17.318003956056,-15.8717043376006
0,-18.6195119919843,-12.1117088429866,-18.6514738103407,-13.6588811308067
0,-17.2270868407705,-17.008911914376,-15.9681423301002,-16.4667189568661
0,-17.9635960040593,-15.1050290682058,-16.2007007174876,-15.0641600268969
1,-16.0010747979459,-15.901013737445,-15.168249147266,-13.68605119804
0,-17.1601190497233,-15.3960973182703,-17.1225977417115,-15.1891481126857
0,-16.0962328281934,-11.7610679073387,-15.8524619857453,-11.4889190945751
0,-15.1987246243015,-13.3589046260626,-16.6403916846604,-13.3696963868231
1,-14.7865159124886,-17.493861958722,-14.691261020957,-15.9876967206904
1,-12.3143096072864,-2.76910990183946,-13.7059850934884,-3.40289807659982
0,-15.5672562666597,-12.8008436413496,-15.2280982317807,-14.0547048748082
1,-12.7283767326591,-9.2712220206473,-13.1441862793715,-8.69429888535024
0,-14.0177514096398,-7.21689951224956,-11.8308378771109,-7.54592116395427
0,-15.0774803170422,-15.611809443338,-15.7220775145755,-14.930485223422
0,-13.9366787236657,-10.1079302388967,-14.1990394497849,-10.0832688012747
0,-17.1008729432631,-16.259535113902,-19.999323834255,-16.6934389897934
0,-16.6275781020569,-15.5290724010567,-16.5500314749133,-15.5215057080164
0,-13.7408954881945,-10.5102114626889,-13.2907903626609,-10.5442785487441
0,-17.2299897476891,-15.479185797808,-17.0306055190385,-15.1598973610185
0,-13.7032787009181,-12.9540803854183,-15.0600190258533,-11.5057879589073
1,-14.8146271952095,-14.5915400084923,-14.8966616134256,-12.8734860392278
1,-13.2640856204023,-14.3557547986839,-14.727770358722,-13.7388352649734
0,-18.7644896998907,-17.0014318722481,-17.6464146373971,-15.7052003645205
0,-15.887315074589,-14.272184914271,-15.6868858741921,-16.3581216183263
1,-9.92789784755746,1.66924412280245,-10.2670350064511,2.03841862721069
0,-18.3453415485741,-13.8373819017586,-18.0354670729836,-14.9018368798945
0,-15.3315997449201,-13.0625236315919,-14.8796734136513,-12.4074382817409
1,-16.292023539792,-12.5447067908095,-14.9378879416198,-12.3812883897205
0,-16.0468262400352,-14.1120977560121,-15.2301967295728,-14.0556574007832
0,-16.8915420532827,-13.1673860736997,-17.090918208728,-13.1830219715473
0,-14.2781306819389,-11.0459243578259,-13.8859981110855,-10.4461575042345
0,-14.6372307008477,-16.3285144280376,-15.5088790759639,-16.2919036298027
0,-14.6888893815609,-13.9649181338677,-15.1655120317411,-13.7939547717625
1,-15.4887108037719,-11.2242546451827,-15.2879222209253,-12.6020484372382
0,-14.6886823308667,-10.9105365122324,-14.2050186551881,-10.8590274654435
0,-11.3929655367941,-1.92193830092509,-12.6148737767084,-2.06539797065263
0,-17.1235249325139,-7.73978903243595,-16.6334673895497,-8.440281661272
0,-15.7239261900482,-17.0194342251322,-15.7089983303834,-15.6108624313396
0,-15.0823625661382,-10.7168187171704,-15.7605982986658,-9.08238251699435
0,-15.2239826378004,-12.3366871614989,-15.0228329876823,-11.5499092242709
0,-12.9616888718631,-8.20415115185725,-13.4267819035678,-8.37062186821779
0,-16.0890794475188,-13.6377407206575,-15.1382365044895,-12.7336853412021
1,-14.4583929318198,-14.4052980976628,-16.2430179637252,-15.8984652370085
1,-14.7181012063187,-14.0948941041223,-16.7432790911373,-13.8335585065961
1,-14.1764625647022,-12.6886828826343,-14.9321892878103,-12.0232188146358
0,-14.3069631403107,-9.6789947385665,-15.0263103178271,-10.80673441518
0,-16.0230980367475,-14.1371393120878,-15.6733530510231,-13.8177961266605
1,-18.1367604990404,-14.1985442985703,-19.0279353327725,-13.4114184509455
0,-17.2518488350594,-10.0634475060161,-15.9918929263501,-10.4183266498324
0,-15.3141100386343,-12.6194376846983,-14.6534906346197,-13.1884546893083
0,-15.8106762660312,-15.038688467699,-15.363040641229,-14.5939047856233
0,-20.697071477144,-17.3593142394176,-18.6621701220594,-17.872418890154
0,-15.6621681279889,-14.9253337693491,-15.1267485634184,-14.4666153087235
0,-14.5439917593648,-10.1210722899628,-14.1839081304054,-9.9667543242323
1,-14.2258211080598,-13.0740219830728,-15.4705451658158,-14.7731723573406
0,-16.1196901482149,-18.0829879536118,-16.2118114528559,-15.5285250803009
0,-15.813846153333,-14.1156284856114,-15.5450462849052,-13.8941648438136
0,-11.7245126544111,-7.63332233083649,-12.4384848986061,-6.71195496445696
0,-15.3143022878456,-12.8838864829903,-16.1290705257058,-13.0208294867832
0,-17.1084498587549,-13.652253705753,-16.7604150487356,-13.8929849884296
0,-16.0619682982269,-16.002889505111,-16.7526949224538,-16.9398311212171
1,-82.9788432166266,-0.169172727033986,-83.3406085949503,-0.807841081099435
0,-19.3379770761388,-13.1382794810779,-16.8403552558991,-12.2792323319391
0,-15.7983460119335,-11.8627541868324,-15.8908538155831,-13.5368429089413
1,-14.7132638578276,-13.1643561142795,-15.6165255973714,-12.6179181624056
0,-13.3212162825951,-7.26197775859367,-13.6217492544497,-6.49255528797948
0,-17.3073194101442,-13.0654688582304,-16.2519944888729,-11.6450291348694
1,-17.0135304166122,-13.0998382862394,-15.6240577404392,-13.4542649410622
1,-15.9958505180665,-13.0424518240214,-15.7942817225274,-13.5945523623573
0,-15.77540573319,-14.6006757250493,-16.4673260931114,-15.0589047022427
1,-12.7998978882259,-6.01740627641307,-11.4429778250952,-5.70376151327905
0,-12.8260870364512,-2.98658433430195,-12.2259241765515,-3.68674695446204
0,-18.6117961082051,-17.5069970338839,-16.7429783766133,-17.4264543601757
0,-14.644129434381,-10.4530172623451,-15.6639703136046,-9.96806843833715
1,-16.7779850419738,-16.3090099269123,-16.8176299340619,-15.1018623965567
0,-17.5367351995159,-16.2309640410714,-17.6267308560498,-16.384185907863
0,-16.9875239626853,-14.4547785677217,-16.0021874102031,-15.395020841502
1,-15.8655239772323,-14.6542814530926,-16.2243664083376,-14.5255385210156
0,-16.7965117049902,-14.7480375258162,-16.7082557429287,-14.4282797987635
0,-16.2443617829341,-13.5235883140282,-15.1089464297423,-13.4159628139246
1,-13.4563331369803,-10.9115459056403,-14.7730508071881,-11.2528886503297
0,-14.5356242460885,-11.0025382968744,-15.0287928143276,-10.3167769631705
0,-16.7156212584265,-14.3251530986288,-16.8745644452635,-14.1037794216903
0,-16.7603598488418,-15.5093251243643,-17.3179597460089,-14.4955318124404
0,-17.7143288148368,-12.4516131199782,-16.8643115020472,-13.7887593687214
0,-16.4243982122678,-13.3863540107033,-16.3792014288111,-13.2902751300208
0,-14.773772904881,-12.8178692672244,-15.1198499706063,-13.1490289741082
0,-14.3024850802612,-13.382678896564,-14.1854644576426,-12.9436465841884
1,-16.7454839874659,-14.6298687509809,-16.7465108191724,-14.9796387561318
0,-16.0470499638013,-12.182438784123,-15.9390708174828,-11.343742350868
1,-14.7627044409335,-9.66700172266323,-14.3457944211399,-8.32542297197292
0,-15.616749785789,-12.4494135914502,-15.8191623527419,-11.5430501247494
0,-15.0829024266661,-12.2262534351487,-15.0820325209763,-11.6552084513261
1,-17.3379166812606,-11.333238148506,-16.9582672745803,-11.4310643244567
0,-15.4978703995503,-12.1205845632465,-16.415587952649,-13.0532131723764
1,-14.4250856196703,-11.8626556334285,-14.3839247833534,-11.3908692244541
1,-14.3701699711966,-9.13666336771134,-14.0550849218991,-8.4540876924346
1,-13.8359343514675,-9.16916608308913,-14.5802621188305,-10.1765851795997
1,-15.9522761662078,-13.3720403656789,-16.1439620316079,-14.4426552031788
0,-16.8814029341838,-10.6395675179104,-15.2354836498589,-11.3937591132601
1,-15.6858348364397,-12.3107306386816,-15.2801354976352,-13.9349069716681
1,-14.2104715447935,-11.0335721878854,-13.9866217941561,-10.872475276586
0,-16.7904269267062,-16.8955677815686,-17.4136547688365,-15.4002404714166
0,-12.7108644839517,-9.76644104390372,-12.5711225742977,-7.69990618778105
0,-13.9855829613271,-14.9130179570429,-15.201055113092,-14.7412590876196
1,-17.3448984173797,-1.63914897188148,-16.5248064579219,-1.46122980250577
1,-15.0449612146534,-11.5624082299981,-15.4154354013546,-11.2287948405305
1,-16.5750707094155,-13.5516426814667,-16.7589567824304,-14.2749026847502
0,-16.6606346805926,-14.2677440702062,-15.8408149505117,-11.8567686862325
0,-17.6492644847627,-15.6035517596095,-17.2105937105605,-16.6033381393209
0,-16.8894050899009,-15.3972634102166,-16.2799967246605,-14.3855659431577
1,-17.0019621272383,-16.3884465374404,-16.0240790053076,-15.6008450638405
0,-11.749095022308,-11.5576236471008,-13.6286939771026,-11.0462335224235
0,-16.5313265878637,-18.3502158831755,-16.6716172058441,-18.0303575581167
0,-16.4698744410637,-12.0802444320885,-17.5557889293226,-12.0618861214114
1,-14.8409103319893,-10.1964777368259,-15.4033153228249,-8.15395375000101
0,-17.7927793292192,-12.7656846295062,-16.5732311689457,-13.8720956350823
1,-13.1558971106051,-6.89015022219722,-13.5086062899144,-7.43351384364212
0,-15.5628789610436,-14.3008654922402,-16.0874850464524,-12.9971554381257
0,-17.0071608483615,-15.3470409212895,-16.4320670840341,-16.7569719330069
0,-13.5569606058454,-17.5186344007876,-14.8504274203373,-16.6029406189072
1,-15.7337367439744,-17.4630208446541,-16.143307541972,-16.916348383173
1,-10.5126930788047,0.731185210975404,-9.79086132935631,0.792998059602649
0,-15.4591084104683,-12.7358387224292,-16.0758077138688,-14.568704052364
1,-14.3237401093003,-6.96356544119131,-15.0090440225198,-7.20924533702868
1,-10.7268344565489,-1.59280083160903,-11.9263882159574,-0.886865130776846
0,-16.5020060030359,-15.1451346035022,-17.1837083891037,-15.577876994731
1,-15.1346726246608,-14.9318212911481,-14.3002171002435,-16.2407883954117
1,-14.183344280025,-2.07913960409602,-14.0995662047856,-1.84757229093895
1,-13.6929129455227,-8.95618110786827,-13.8364503121056,-10.962397842732
0,-18.6319601395984,-14.949440239552,-19.3414465905728,-14.8426835899726
1,-19.7093582159976,-10.0275691004298,-16.3289522831555,-9.53340916303806
0,-13.9666681344341,-7.7010509052513,-12.3372944105161,-8.93233640656088
0,-15.6432148891947,-10.0531308121743,-15.068182392072,-10.3725870324261
1,-16.5163205788928,-19.9435506760761,-16.2099751788167,-19.834885868711
0,-12.8385261981043,-13.3935809264983,-13.6279925824115,-14.0609269309613
1,-12.7704771567776,-17.4844907027576,-12.8129890091947,-15.5923061438373
0,-15.2030829347071,-9.35485092075955,-13.5689050318793,-8.97044601446068
0,-15.6315231809252,-17.6870099319688,-16.539536094108,-19.0334655805113
1,-15.7155382440712,-7.52080225432243,-14.3934989910223,-7.53499594059252
1,-14.8477756946671,-18.9473231768309,-16.3170328307079,-17.3909444979107
0,-16.7735286062901,-17.2244264818139,-15.5050849476315,-16.1896091743055
0,-26.617051354195,-23.6033104321922,-26.7027162153035,-23.4358540672429
1,-15.2420135605075,-17.7209628204205,-16.1262333216169,-16.6061514206595
0,-16.3783022358736,-19.3171212075719,-17.5946463684916,-17.8605981668258
0,-16.875284987535,-14.0548410578661,-16.1764869841244,-15.4599529511326
0,-13.2805404894028,-3.41859186668413,-13.9824224656352,-2.90535228943042
0,-15.0870826103607,-14.7149963801823,-15.5220494237227,-14.4932132135587
0,-16.6250442626945,-14.0386572925329,-16.16994430304,-12.8925527878168
0,-14.346615617445,-10.6246311385834,-14.0742211361939,-9.60701606035201
0,-14.3515974756538,-10.1263982313306,-14.6810200656816,-10.09644357082
0,-17.2011545646429,-12.8036180167836,-18.6050325268385,-13.3953136599942
0,-16.1327491472545,-10.3166290463915,-15.4788871208164,-11.2259243407713
0,-16.1528962543854,-15.937385583054,-15.3527156640687,-15.3171940901129
1,-12.1798544480485,-9.0313233752814,-12.7448767623656,-8.81980105379883
0,-16.015770495224,-16.3156120823337,-16.2362456902294,-16.134691489266
0,-16.1770515008003,-16.5528894522164,-16.6597030407876,-15.7368114348355
1,-16.4296101957912,-13.0983210224931,-16.0408241747209,-14.3213180520341
0,-12.8430353196649,-14.537047784985,-13.6730426886381,-13.589434704482
0,-13.4510464739937,-10.4607462782136,-14.0772865555695,-11.5975381644487
0,-17.5725116715917,-15.9456366424965,-17.1940063332376,-17.6135172786099
0,-17.5354847866883,-15.8334066104804,-16.0999952149909,-15.521423103503
0,-17.0438411516403,-14.6269917044649,-16.2947210660344,-13.6528493603689
1,-13.1875040023949,-20.6743132012699,-15.1371145501296,-20.7785834542704
0,-17.6145326236111,-16.4896588913265,-16.9198211952595,-16.3235991531135
1,-16.7523455918534,-14.2281996927547,-16.1654982707553,-13.5309741032116
1,-17.0199920535366,-15.8622983291117,-17.1893782320154,-14.8203248402799
1,-16.8060094517118,-10.5175948340108,-15.4832266573634,-11.4448103697073
0,-16.2312099850695,-16.3084870048103,-17.6699888891207,-16.5884584486824
0,-16.1493928698589,-16.3983159306233,-15.8783799464042,-15.7989051447363
0,-14.5205587836108,-13.526362057045,-14.7847806900519,-12.7964785877919
1,-13.3329954638835,-8.32788488034731,-13.9633154431261,-7.2905741190192
0,-15.6902390427346,-10.9539315734349,-14.3906039828697,-11.2278249465106
0,-16.3944986025396,-14.2796892181943,-16.8771520530093,-15.4295263043132
1,-17.1883285847258,-12.805712793846,-16.3954377966117,-11.7949209884418
0,-16.5585528570398,-12.4081515096654,-16.3868903902138,-12.9358156556917
0,-14.116469243198,-10.3141422446166,-15.3208438249683,-10.8647225646544
1,-16.654932469919,-16.3164579907687,-18.1823628834436,-14.6969991630054
1,-18.2484673857935,-18.2898067580859,-18.3286044459542,-18.3875685279699
0,-16.3339886161264,-18.7284070351024,-16.2700293419473,-19.2191143389798
1,-12.4884418704766,-6.55060549933053,-12.9964630006401,-5.91903843246707
0,-14.0342624473958,-0.69739882812923,-12.9470823882222,-1.60126010381437
1,-13.3567306376099,-9.69287551521413,-14.6067080973008,-8.96345445089907
1,-10.586713083251,0.38869027693603,-11.2672866231602,0.734968823287769
1,-16.8309553703297,-6.53488669991898,-16.0002862255759,-7.06054808522726
0,-14.8196317336971,-12.5487658404499,-15.2387814802193,-12.4480998435525
1,-12.9812747853841,-4.14441809772915,-12.9250726574412,-4.34684473212915
0,-17.0363193003194,-12.6159791260942,-16.3765491642411,-13.7048113826626
0,-15.7712655476493,-11.4592811653568,-15.4877302091903,-11.1006575378183
1,-15.4337982051616,-16.5623272059092,-16.2528557472612,-13.8652180135888
0,-13.6770585196494,-5.8553825136083,-13.9389427252199,-6.98184188548355
0,-25.778551250716,-13.0293676991307,-26.7045624760346,-13.2853351956938
0,-14.7468347221157,-10.2225501119899,-13.8342941785435,-9.97720305929047
1,-18.0026243904341,-11.4649109779782,-16.9602462643345,-10.4525560894411
1,-15.4435380017939,-10.7007848506182,-14.9226409502652,-11.8064230070023
0,-16.7613208139849,-14.752885681726,-17.2286586462276,-15.4467395731601
0,-17.6432246057032,-13.2082654966269,-16.3272203703405,-14.1735836317567
0,-14.3550777662017,-12.0195965245323,-14.3075236857092,-10.8427444920843
0,-13.9010742937858,-7.58699839291721,-14.6636932993471,-7.75026625420984
1,-16.8412043512417,-17.6777322562937,-16.9277896042224,-15.7776581823171
0,-13.4730322330559,-1.95384195513736,-13.1831673867424,-2.46722844511785
0,-14.9537836499347,-14.8975291578925,-15.3453182638128,-15.161258693256
0,-15.7442220483638,-15.4349058741238,-16.2091782246363,-16.6047025586053
0,-15.5015224153414,-11.8119880713006,-15.3881406320267,-13.1736929744631
0,-11.3505454486062,-9.78207093442765,-13.2213015405044,-10.569417044581
1,-15.8308818835787,-15.668290159486,-14.7409154953619,-14.8888459929155
1,-13.0253886888957,-9.2587351180525,-14.3185836517889,-10.6497702351674
0,-16.8895390731043,-13.4142344878421,-16.7915414290943,-13.6022529446442
0,-13.5046129815678,-10.7176388715712,-13.0479432220223,-9.43567557374194
0,-11.9892842254685,-7.59100033862454,-11.601087018169,-5.64818271935517
0,-16.7181555542241,-19.1323416248705,-16.2328366899421,-16.3782914237308
0,-15.7238493879785,-11.6306130317866,-16.3471263663723,-12.4987590464068
0,-15.1838009395532,-14.4003795865491,-16.2073131912714,-13.2399082738048
1,-15.6217836606654,-9.85631022552215,-15.8660672887361,-10.3254373164377
0,-13.3316009541092,-9.38768883858481,-14.3466871617848,-10.7527211556937
1,-15.5597874251112,-12.7447363546467,-15.5499191757624,-12.7451411745288
0,-14.4319795810067,-15.3061476951934,-16.7710783877936,-16.3172626059449
1,-14.4217495658309,-13.6809959121822,-15.3962419483924,-13.8674661052787
0,-16.3959092816393,-17.5278420633516,-16.3871952343548,-17.109089639835
1,-14.8932661376664,-4.65947301521886,-13.3067791786321,-5.71782654183553
1,-17.1741593853248,-23.5888023987151,-16.677913793901,-24.0514644132502
0,-18.0793144812342,-21.2145993918869,-17.3281619285496,-21.0312921896626
0,-19.7706803821342,-13.3597236834019,-16.537109418324,-13.8705170124497
1,-16.2701018879667,-8.07935070354683,-14.8425463362977,-9.55810610141994
0,-20.1836331013268,-15.8984714332942,-20.1005930569449,-15.1849666067403
0,-14.6305858922936,-11.1122795640577,-15.4836472209363,-10.4506890230148
0,-14.6963291779947,-12.9936739298985,-16.1643633367109,-15.5030114656085
0,-14.4715409261173,-12.5909290852512,-14.3228888001662,-12.4338563060555
0,-16.8505466919905,-14.4984031151957,-17.5607266531714,-15.2159488012458
0,-15.1949501666102,-17.2079413990629,-15.7827110843503,-16.4965638844049
0,-15.7032681916953,-10.88420868456,-14.9730131650185,-10.645786442876
0,-15.6258377194401,-13.18799592671,-15.3238406109078,-12.8686700764093
1,-17.9142477598275,-16.1668070164262,-17.5975036373836,-16.4232873362535
0,-15.2489431595419,-8.88891098768408,-14.7951486531735,-11.4255600346488
1,-12.5875201990476,-5.25639981754813,-12.2054831799896,-4.08025684646973
0,-17.5656557567115,-13.5570708187738,-18.0651081057721,-13.2691523532718
1,-16.2643011242174,-12.1082183754617,-15.662147082316,-12.4631358393894
0,-12.409401452443,-2.16413950828886,-13.4933488006056,-3.03100260623859
0,-13.7745675739331,-7.42768083886898,-13.7535207535089,-5.35340857419174
0,-16.8512850161822,-17.4970174134659,-16.3577172901591,-16.7036222817489
1,-15.5466917603019,-12.3914897019604,-16.0362370711132,-11.4415500788588
0,-16.600645480922,-15.9157510483661,-15.6621004008617,-15.3327279508918
1,-17.2630034287394,-8.20308757559074,-17.5127970743622,-7.19336597129943
0,-16.0226512189293,-13.0275319013121,-16.0805959926887,-12.8962758970993
0,-15.8654242616096,-14.8904795169094,-16.493418572818,-15.5582072142293
1,-17.3405225440864,-15.1852840702653,-17.0679295361496,-14.2848383622968
0,-11.435205448171,-7.07184095011593,-12.0780721569574,-6.15814048487244
0,-15.8286279789762,-15.4744415235218,-17.0322160050618,-16.0505649172709
1,-18.236553678309,-13.1670866821267,-18.2308941757842,-14.1962236605876
1,-11.5426052167738,-5.56158457721752,-13.5324404425102,-6.52046523121735
0,-16.1364428674594,-16.205304246068,-15.3187300271337,-14.4022058618869
0,-15.3864658915368,-9.38253490058017,-14.7092994055951,-10.7340309862467
0,-17.4541466287073,-11.9709402794502,-16.0395046466691,-12.8310101803921
1,-16.4844354068543,-17.0616117860567,-15.9997109436909,-16.3865033111457
0,-15.5096405644729,-17.4585107748751,-16.594522805855,-18.0892148223939
0,-14.3133314333992,-10.8578237104233,-14.842611215636,-10.8665830647734
0,-16.7009445380578,-13.7395515200853,-16.3652514687868,-14.4038645542958
1,-16.8516867477107,-6.17291060693621,-14.578048920791,-7.05719524719474
0,-23.1145459951074,-21.9675021852469,-22.7996131645363,-22.6693157446143
0,-30.9702840436869,-20.7056358505579,-31.0565944662488,-20.0828892720106
0,-15.2521878533991,-15.9706636638858,-15.0201604304331,-15.0359287989833
1,-16.4741793911952,-17.561947561654,-16.8567645707371,-15.7739400471942
0,-16.2663681544446,-18.521545393448,-17.8688752063454,-18.0113821079145
0,-14.7754201825121,-10.9162660554208,-15.3182744559315,-11.5715657505512
1,-15.9490044012729,-12.9252343567569,-15.2562439143104,-13.7372237431871
0,-14.7586146408505,-6.70092602410213,-14.6027691045877,-9.79212860236064
1,-18.8721137144554,-16.7457969719723,-19.8385095653097,-17.590155675416
0,-14.2867986355697,-12.3452966155215,-14.1928916134321,-11.29781010024
1,-13.6623774946318,-14.3154241290781,-13.5731246808934,-13.6786332907865
1,-13.8002316941388,-7.91346976951667,-15.7372323195982,-8.97398844015476
0,-17.324300743592,-15.8120963473898,-17.489021384292,-15.8913574469371
1,-16.9814774758901,-14.8355711030828,-17.0222542053454,-15.4728881955692
1,-16.1807385682433,-13.8256169854776,-17.3392422954478,-15.7193904960759
0,-17.0421103651923,-17.0329956953958,-16.6853931343844,-15.9538639788094
0,-16.7855856292609,-5.56508279326741,-16.3407480867588,-6.35741499868095
1,-17.1912160643491,-11.6895276874556,-15.4365323684562,-12.6800512150882
1,-13.6128242436854,-7.45846644523276,-14.5818082086599,-9.47418420898503
0,-15.1159323166271,-11.8814437784172,-14.8817930230572,-10.5267452300485
0,-14.5491222094958,-15.5404957780823,-15.9855814262043,-16.3747387368051
1,-17.2865290112967,-14.0093461569647,-17.5378058179511,-14.7617305547943
0,-18.1390159101367,-12.0849133202676,-17.1867983386238,-12.2573778793317
1,-18.1480489081371,-19.293302590321,-17.8135659918138,-20.2094321173387
1,-14.1256435938856,-12.340184815621,-15.7129871709987,-12.5044459460475
0,-16.1532067387991,-11.7549397951698,-16.2291001525536,-12.6311606335118
1,-15.2641616006135,-14.460402509441,-15.8168577453894,-14.0743805482524
0,-17.0368994821345,-12.7662532250608,-16.3307018332208,-12.3728964381231
0,-16.7163927432593,-15.7033390481081,-16.9404629016077,-14.7430368793765
0,-14.7315779471584,-15.1897739898914,-15.4034799811776,-15.9469652433252
1,-16.8307018194613,-14.1480667235133,-16.888437085858,-13.4616050822073
0,-15.7826247406805,-11.355072230418,-14.6072208135546,-11.3617500439545
0,-15.4040511890318,-10.6752941370118,-14.8107793435159,-11.0721153876409
1,-15.1481091257518,-5.81273064641664,-15.0407796572554,-6.1848381995673
1,-18.0455005026907,-13.5157835722147,-17.7912818510882,-15.1396881175455
0,-15.4536118604845,-15.0236355996792,-15.9643664596097,-13.6312067310262
0,-15.1997982239252,-15.0779303974652,-15.2593530610042,-13.2649193777908
0,-16.7107741130535,-14.822894784258,-16.712794601688,-14.9910735907951
0,-13.946564419824,-10.6741142615959,-14.7416680699624,-11.7478408014608
1,-14.5720484469577,-11.5659733569472,-14.8510342851792,-12.2748374095591
0,-16.5985158783398,-15.3588815371969,-16.200789710353,-13.8543801832058
0,-17.6843479842869,-15.6629934680531,-17.5804258815427,-17.690964739872
0,-15.4514027857384,-15.367597203171,-16.7986938697864,-15.3631974356137
1,-17.9366917292181,-15.3252183356014,-17.6343102792778,-15.3075082698806
0,-13.9125753890483,-15.2134487422544,-14.9556474035537,-16.8233073637475
0,-15.7756500464911,-15.3634942307169,-15.5408775181935,-15.2065821135367
1,-15.0443345317007,-14.1215986202027,-15.0268361985417,-14.8545791917561
0,-15.8976187293069,-16.8369289540591,-16.5955165837706,-17.0843628058849
1,-16.6490147011922,-16.9841560232442,-16.2727183389254,-17.8603016437889
0,-17.008261571568,-10.8821298359878,-15.4750057453891,-11.3644044250577
0,-15.7636625022126,-17.4245219004975,-16.7546107012434,-17.3512378592041
1,-16.3845762028964,-15.0631288316291,-16.9925088314941,-15.6632841087287
0,-14.7406072800892,-16.9688299977678,-16.5700759469095,-18.1328586596091
0,-16.3384668352065,-6.98740455698949,-14.967577211093,-6.69236219061121
1,-16.4936026415273,-16.1697180563692,-16.0310688335879,-15.9700036850686
0,-17.5761450877489,-17.9282730490678,-16.3823803470964,-17.2687668585005
0,-14.3685673749045,-11.9842574718623,-15.5401744544496,-12.6193836706007
0,-13.8477336121691,-14.611513202238,-15.4444736233648,-14.4682543716901
0,-14.5927221588559,-6.49506170375715,-14.0812354928265,-7.30889038463687
0,-14.8297806856555,-11.5329970241962,-15.0464186742327,-10.3194607202694
0,-23.6922861064686,-20.7463992106302,-20.4338217463525,-17.8187185522049
0,-16.4723153649594,-25.0120140864429,-18.8255386243471,-25.4593580107188
1,-14.8963983114188,-14.2621230590302,-14.5103698060937,-14.8870735960225
0,-10.9283756350035,-11.5671179584208,-12.610614712228,-10.0860089837881
0,-14.0448003926667,-13.4106073048699,-13.5629206100536,-12.24071632834
1,-16.3025591302085,-15.0974669898558,-16.1060604073662,-16.5412675850659
0,-16.3292403293903,-11.9543505316968,-16.1728487390976,-13.925088772738
0,-16.0516571057879,-12.7684761889345,-15.9878381126411,-13.4658983933228
0,-17.20466619831,-15.7117643817635,-16.6914196582005,-16.3345480070082
0,-11.847598638424,-6.75690729428004,-13.1991651715756,-6.54040783877207
0,-15.7758376987089,-17.5997253296101,-16.6564124231726,-19.0071618542974
0,-16.291586385882,-15.9903378098697,-17.2894242140077,-16.5912967970037
0,-11.5465885085483,-5.9387778142738,-12.3182356857648,-4.08817463303224
0,-16.6360981377553,-12.0804072518425,-16.1857514778597,-12.1545182816739
0,-15.1672358666252,-11.6860723581609,-14.0769959472198,-12.2787378185228
0,-18.1760562810277,-16.668361506892,-17.7672979692155,-16.975524749058
0,-14.1314034357911,-16.3965173850071,-16.336004569188,-15.873076132212
0,-12.2434543981033,-10.2861249373679,-14.2352184193449,-10.0832236455418
0,-14.6179902479382,-13.7059746019504,-14.1334241443467,-14.4377031747523
1,-16.1775683937831,-7.85407175723274,-15.9741529342978,-8.58123835562142
0,-12.2583463379057,-6.52736559664369,-13.5668336757184,-5.85131318914998
0,-16.3231508059727,-11.2209900622674,-16.5154244664878,-10.4751715522369
0,-15.1193785282438,-11.3464845516187,-15.0069038306059,-11.6552898778777
0,-14.0952408612644,-13.9377649362316,-15.0694645703029,-13.573494262808
1,-14.761981593759,-12.9454899887754,-16.026104505011,-13.8698079377841
1,-16.8415493494487,-16.4063843240902,-16.5500339423422,-17.3099146387011
0,-16.0915053840249,-12.3433665756901,-15.4335393297242,-12.4027529884102
0,-16.3581113239295,-15.6459011431383,-14.7918233959831,-16.2030030899252
1,-14.9206894666817,-7.35269122344559,-15.2225806748918,-7.8744273576007
0,-18.2375115259453,-14.3850602035303,-16.8377755491992,-14.0466669878721
0,-19.5726842279672,-17.3152856362008,-19.8619904196193,-16.2014746103037
0,-17.5516675338644,-13.9589210345831,-16.8654041132964,-14.7485331597683
1,-15.9024695859217,-17.0252587232677,-15.9465740484783,-16.2982386630331
1,-14.7220838123256,-16.9280648784177,-15.2105493069944,-15.364850401821
0,-21.8267541657305,-17.2910013245048,-19.5808277683972,-16.4750556213466
0,-13.1401781903624,-8.90578574991102,-12.2147176633607,-8.47045007932659
0,-16.2993795956765,-15.3784894715606,-16.0063059615939,-15.9454094760853
0,-17.0052603670644,-12.924774449904,-16.7196369516643,-14.3952905192536
0,-15.2049555872931,-12.5543942516826,-14.9286516590065,-12.0732624595258
0,-13.3429024016884,-13.4438602963274,-14.7536806848529,-14.2380399109285
1,-56.7303261935593,-11.3686874571189,-57.6696688640443,-10.7745196413292
1,-16.3095317388101,-14.1753371453886,-14.6506927375588,-13.5780859057746
0,-15.8440512541554,-8.72889256087221,-15.2388101736917,-9.48875247600442
0,-16.6921024472888,-17.6354378806611,-16.1170986265333,-17.0937669659184
0,-17.622823410174,-16.1783857263249,-16.9061156440096,-15.7130344409384
0,-17.0313519677948,-15.5086946787505,-17.215123054303,-13.3027976882295
0,-14.7356133457056,-14.253927853145,-16.8668693037391,-13.5686549692558
0,-14.3390442648481,-11.1849814320095,-15.585956736504,-12.1186477531302
1,-17.107938584502,-13.0841647119411,-15.6681599748961,-13.5767354400156
1,-13.4786683377202,-3.89907968650788,-14.0588827781469,-3.7228083953969
0,-13.2418708962301,-14.9038742180896,-15.5217991776785,-14.8615975729241
1,-13.5113839407773,-12.9095044011173,-15.8393540824086,-15.2569057284981
0,-20.3726871893853,-15.1876901395769,-18.6509275972158,-16.5737917862573
0,-16.4872626362328,-17.3288392580325,-15.7237772908498,-16.6306028795744
0,-15.8136216913007,-13.5356882860388,-15.3629807645276,-13.2498107601522
0,-16.2920361353027,-14.0087527599915,-15.4332041461461,-13.9010815393732
0,-16.1246313656584,-11.9796732545086,-15.4292046972751,-13.0440354209427
0,-20.653575171861,-15.6666535102599,-19.6277030445231,-15.9712829577842
1,-15.051690747799,-15.188078098789,-15.1091691218684,-12.5457948855809
0,-10.6729549927911,-7.88056600344736,-12.5583175769608,-7.5585686331045
1,-13.8155507755244,-12.58420659234,-15.3789270637664,-12.6531968810244
0,-14.8669209743656,-12.6959195813111,-15.740284512431,-12.0425200399914
0,-16.8467488268767,-13.081654483672,-16.8973442292431,-13.8356524631983
0,-18.340574685831,-5.91221038847181,-16.5333437831961,-7.1939477178389
0,-13.5239130661351,-9.66332945603112,-13.086949993326,-10.1659515303215
0,-13.0749321803234,-11.536970222621,-14.1364439422502,-12.9819241873148
1,-15.8512483809491,-11.6235280521435,-15.210459261412,-11.6290926758842
0,-12.0801362558665,-9.12341954977881,-14.0537424279798,-10.285910582115
1,-15.2297575359949,-15.6402495540451,-15.5222350156006,-15.553584427931
0,-17.2556034845183,-16.1446052159345,-17.3566995037596,-15.0234437437776
1,-13.2976913547692,-7.14535513828942,-14.9537858022151,-7.79874270892189
0,-14.1044776878837,-13.9638778918993,-15.6515301207957,-13.7824824833149
0,-17.0459781987053,-18.5951123527608,-18.0897264783791,-17.5426731532073
1,-15.8799533984749,-16.821979668976,-15.9757027639954,-15.8213596890554
0,-18.9615784453793,-15.5438941901627,-17.6773335924273,-16.7684626884481
0,-15.8040644709692,-11.8447720531702,-15.2587018468684,-11.7342747461796
0,-14.1745553440742,-10.3922570688603,-15.5184961629024,-11.76660238349
1,-15.3560926052171,-12.2467603807456,-14.9588403236832,-12.7143491290779
0,-15.3128314422979,-6.80817425445649,-14.1453711948356,-6.23331104096095
1,-18.5362997189545,-15.5715473652347,-17.5646778456924,-16.3670979561024
1,-15.6776253935838,-13.8618851364227,-15.4982230128092,-13.6128284200434
0,-17.3569143802934,-13.7057666080974,-16.1761737700021,-14.2308899142399
0,-16.2570201882275,-14.0613191387677,-16.2282836481977,-15.1420062120718
0,-15.1916174992227,-12.6938206251491,-16.3898582269984,-13.7137338500094
0,-15.2398686184488,-13.6425969236695,-15.7125292814132,-15.2725007117279
0,-13.8021410821839,-15.8588774204199,-15.0508387684728,-15.2105294917129
1,-22.0051573028584,-11.3919874356088,-21.4832994551401,-11.6311586998312
0,-11.0403841632179,-0.446020157261913,-10.5544092939865,-0.635486350662579
0,-17.7002849752131,-13.2538207770938,-16.2988142159428,-13.9517601426254
0,-16.1397255697534,-17.0145708950614,-19.0193161315136,-18.8149320505071
0,-16.8084322350383,-17.7790793198365,-16.898776658935,-15.8517155298636
1,-15.5393562089365,-16.2153910130688,-16.4367515332464,-16.281859741019
1,-16.3389928947118,-18.9771752848778,-16.5369206628034,-18.0496860480998
0,-15.975918154812,-15.5394151522589,-14.9936275970274,-14.8788780758061
1,-14.8184501533421,-11.2113893280874,-15.1379668351911,-13.8316006978563
1,-17.0067375100396,-13.818256330446,-15.9610164848517,-14.0802451771772
1,-18.9298524380776,-14.9799619920901,-18.9218732974217,-14.4901537721099
0,-25.0950356696557,-7.24772200401189,-24.5289237280199,-7.32651717704904
1,-14.8389659613383,-12.7835411253496,-14.863477529801,-11.5448976757206
1,-15.8553627147448,-11.7746431555168,-15.0759448803131,-13.858224791446
1,-13.8414114018065,-12.2434831782164,-15.2818930273743,-12.4509609933196
1,-14.9808050734554,-14.1522580733896,-15.3431035170214,-14.173891828125
0,-73.003205614111,-15.778895557529,-72.2601725267032,-15.8910087647123
0,-16.8711185449008,-16.0234460518021,-16.36520224009,-16.3553460439309
0,-13.8096311748767,-12.8123355796403,-13.2086203724187,-12.8582897743025
1,-10.4900880105921,-7.02953500262899,-12.1116664848014,-3.93278411432491
0,-13.8021391677553,-0.888895145213688,-13.237286747289,-2.27006350330556
1,-17.9006146910713,-14.0138314359515,-16.0385390800592,-14.0056249406368
0,-16.1697171217682,-18.6644781942174,-16.208478445827,-18.6777983364305
0,-16.1682597024297,-13.4468288634193,-14.6722787369318,-12.4826027734423
0,-14.0251689197498,-12.0961136454397,-14.3246634036204,-10.3488852440243
0,-20.0000178673952,-13.3640859560594,-18.1136638168068,-14.0726476391349
1,-17.1744191772334,-9.8484247028036,-14.5947391921124,-12.0371686108351
1,-19.8332695230557,-6.77142882197026,-19.5928515014273,-8.7444193240026
0,-15.5261932574819,-13.6211625316758,-15.564469871476,-14.1710678501956
0,-17.8450195808196,-15.8771435384945,-18.0506351594418,-16.5786175077938
0,-13.9100173612059,-14.9151059003238,-15.9409590697694,-13.8565962571195
0,-15.3147518255427,-15.2227757990483,-16.3779704310615,-17.1457060054636
1,-15.6488515864083,-18.5629795955071,-16.0336036133403,-18.4413375860924
1,-16.4296671016115,-14.1175148034285,-15.5907912698543,-13.058357789059
1,-14.5352080781933,-10.7807314941754,-13.6666561647907,-11.8384910411646
1,-62.8139079147556,-15.0469074134545,-62.9544871401144,-15.4751463967537
0,-15.1658993486823,-9.79037266871413,-14.3033632281681,-9.8395203911347
0,-14.2618638245014,-15.7279633303349,-15.9805050052144,-15.0428450586738
1,-16.3232590747198,-15.0709076459981,-17.6170770251705,-14.6039884016161
1,-15.7413607726815,-15.9296937165385,-15.578961542842,-16.1062009121557
1,-15.1538552121587,-12.6328387149617,-15.6171713883332,-13.4537030642404
0,-13.2870045582561,-9.40878332242726,-14.1969543745192,-11.5905976817511
1,-96.0968434726622,-7.85508169296013,-95.2257531892486,-9.69713422310788
1,-15.2298504603519,-14.6127378224476,-14.6792941654043,-14.228841459317
0,-16.3068516432795,-15.0970909867947,-17.3881825588024,-17.8515534345375
0,-16.7008008042619,-17.3914200725235,-16.0300025081944,-17.3218251593996
0,-11.1662827043516,-8.65244342996972,-11.7866603076742,-8.98564559547559
0,-15.109287957791,-12.3822344283815,-14.0728604332483,-12.1223088419881
1,-16.0739705476179,-16.5238140510633,-15.221217997853,-16.3359861189947
1,-16.4532393915331,-15.1651990294224,-15.4830330880897,-14.8148054563119
1,-16.9129185150993,-15.0550422118675,-15.797470059433,-15.843250771348
0,-17.1635393385285,-15.5224679329903,-18.0474514845773,-15.5048505576679
1,-15.6527479412359,-14.7487365507252,-16.4791090031769,-13.8338600809876
1,-13.7205253965626,-12.5270868087235,-15.6285057631778,-13.2741624639308
0,-17.6888925068736,-19.1970922278415,-18.3287670117894,-18.7216611118584
0,-13.4132727018348,-12.2763489541321,-14.410656820784,-11.2523479167609
0,-21.9459772606751,-11.2441830871432,-21.2514612207639,-12.5213353974189
1,-18.8953616959805,-16.7323757498412,-16.9682549593513,-16.9578800983825
1,-14.7635704353435,-11.843154931797,-15.243431764257,-11.9536614682308
1,-18.6841005404824,-15.8375785512061,-17.9999735876204,-15.3743648621539
0,-15.81924611761,-13.6923304688071,-15.9885107827196,-14.7293866900203
0,-16.4606885928432,-11.433368645473,-14.3429500319087,-11.9296750961264
1,-13.7393910964199,-4.15955762353261,-14.6249392982082,-5.26393820251383
0,-14.8604072297126,-13.2509399176461,-14.6309864607117,-13.3125196959949
0,-15.8551345968265,-15.570838741772,-15.8609823816339,-15.2447100062376
0,-11.0395412647575,-7.1680898321774,-10.2501676752531,-6.02476953805315
1,-16.130810850699,-14.1097688244723,-15.1602694121933,-12.4816688170586
0,-12.8924329195507,-11.8809914292345,-13.3198281512127,-10.939907267901
1,-17.7040120945564,-12.8958667535802,-15.4265791573917,-12.7891711788297
1,-11.725281583157,-7.46361869484,-13.161027112096,-7.30032297323699
1,-16.6689439839845,-15.3119576772686,-14.8821027215046,-14.1866913417171
0,-17.1330813271459,-13.3386985437729,-16.6336253144146,-15.6631650836329
0,-17.9333443442519,-11.2614640277221,-18.5583639124382,-12.04753262053
0,-19.497369672144,-14.8959960558277,-18.7373640757604,-16.0108751429736
0,-24.9224401601772,-14.3384286606079,-23.7018555929372,-14.8339130957896
0,-15.2166589976084,-10.5185816309629,-16.465733690839,-11.0051542994141
1,-13.7519915537481,-6.50899319854723,-15.0298810413762,-7.04684806004361
0,-14.8368690355244,-12.9413428032767,-15.9157172644998,-13.463670101812
0,-16.286363668419,-7.82678674071602,-16.4782404884352,-7.95798677965039
1,-14.0053793791333,-0.802649749723001,-14.3763679830364,-0.137885928897341
1,-18.52085871757,-9.21119361384376,-17.4456238019845,-10.0979364229557
0,-16.5626433236279,-11.6510795145392,-17.4787196469064,-10.3067587199037
0,-20.8925801954866,-9.33205637794961,-19.7980782809499,-10.5522936377754
1,-19.129612944748,-14.6926394136609,-17.6773729101522,-14.9487955132728
0,-22.293626045648,-16.6818003009238,-21.6285411307783,-16.948470128288
0,-18.1037311785928,-11.9354351749253,-18.1634067416493,-12.5307048344771
0,-17.7474642650032,-18.8155268404134,-19.6796244959655,-18.8464894637733
1,-11.8224441914278,10.6560919830784,-11.7602595051232,11.6158562861694
1,-17.1428082827748,-2.95407514310843,-17.2784919647429,-2.64721760287158
0,-17.5744586084395,-13.0776421491323,-16.9454134278055,-11.819334512085
0,-18.7593788255919,-8.09365014186144,-18.2507226875586,-7.605780943325
0,-18.5395662833229,-10.9413415100703,-17.2758738454798,-11.9495323419741
1,-20.1130668966214,-14.6983376012286,-18.5210510061018,-14.1054767841049
0,-18.6994337480433,-14.2100733131903,-17.9576110420857,-13.9417061431151
1,-17.4892547021214,-15.0464219277432,-17.6396634721303,-13.191585124574
0,-17.8377338974097,-11.9435935838594,-17.1972218952706,-11.9559714928518
0,-16.2202053577815,-10.6163550958518,-16.5771610559513,-8.29592603078706
1,-19.8083434190466,-11.0186937680639,-19.3490522457686,-11.1761294569655
0,-14.8791362764348,-3.57766906784232,-14.9187270133297,-3.95072081235885
1,-13.412901229488,-0.757050302107058,-13.5846440436566,-1.08431907635551
0,-14.6597573190651,-12.8718397879401,-15.6242700944229,-12.7356540025571
0,-15.9996388093958,-13.4142715374984,-17.709360780471,-12.1750833451998
0,-16.7048375770059,-10.8217115226026,-17.7269523723517,-9.24401723832355
0,-19.6687797455443,-19.7531658018041,-19.0041905888597,-19.401986292033
0,-16.619175809008,-7.58173205293336,-15.5990416110861,-7.97541210562671
0,-18.8402875525939,-16.3081182508656,-17.8086791996168,-16.3792102027307
1,-16.1641081132742,-13.2793980495126,-16.9491434951575,-13.9860209593465
1,-19.2754820735342,-9.64756104984549,-17.6615074636439,-8.94728814784955
0,-18.1240470171799,-14.4011153496673,-18.9928574309103,-13.0529785783715
0,-16.5079202620246,-9.33300275969983,-16.5343902951874,-10.4905935383261
0,-16.8951022670143,-5.78947113513633,-16.2445568458485,-7.76422140372735
0,-15.5051981588581,-12.1873875939185,-16.8318238628777,-12.5318287567372
0,-14.4775865709584,-9.73690911670816,-16.7287221644079,-10.763869813635
1,-18.8038650154082,-13.1023943574011,-18.9487452902908,-14.2722505445836
0,-16.2909494130033,-15.7421167932571,-16.9965524971228,-15.3877741755604
0,-18.9399112569235,-7.0250335189484,-17.0165016332266,-6.71254542339675
0,-20.0452148968357,-15.9447009469123,-19.2228045198811,-15.9033365381831
1,-17.4791183849423,-9.44752009055269,-15.60565281812,-8.4044374131844
0,-15.0678196533797,-10.3652890031279,-16.440368724258,-11.6416530374209
0,-15.3785574787874,-6.16216272979675,-15.9170004508488,-5.46969750590977
0,-16.4642317259191,-12.0517670184433,-17.4678877936212,-10.8394309141375
0,-14.6007955822379,-15.8019898418284,-16.0103825612024,-14.4297977808695
0,-17.4708292288942,-9.30244651354263,-16.9618288514064,-9.43894320904481
0,-17.2263219288088,-10.560403328679,-17.9790366594194,-9.18279690709258
0,-11.4707285187779,1.0699810891884,-11.7485919627464,-0.514125760612461
0,-13.3724929240436,-4.1607301382368,-14.9664451943454,-4.24361826519942
1,-17.7883811417982,-15.382921562411,-16.8530134951796,-15.2463772970658
1,-19.138617735841,-15.319467066716,-18.9639143986194,-14.0988644153538
0,-15.0127079041329,0.629836846100264,-15.8382931140494,2.63926332430652
0,-19.1512159005923,-20.6374849683022,-18.3470088007396,-18.8207782563648
0,-21.0188118340389,-14.2649591949365,-19.2560895229345,-15.9031227143095
1,-17.9278049399846,-11.9046777501291,-17.9358556015435,-10.7622093383955
1,-12.5236622827796,-2.71724896623832,-14.0297178093947,-1.75108292983262
0,-17.6938818793674,-14.2210561280984,-18.1238304135117,-13.6079116443831
0,-15.6123947373174,-7.04985428238049,-14.7914787903227,-6.15297400328797
0,-15.5492809603699,-8.78847878398993,-16.0412919696389,-8.33065986624536
0,-19.0450638884358,-15.3101365567031,-17.532582091758,-15.6328922191274
1,-18.50644498332,-13.4204130018997,-17.4318498073224,-13.9258305143672
0,-53.7409783531457,-3.15851527604299,-51.5579574169325,0.215073371989095
0,-16.4534140875921,-13.0223253067828,-16.9039418126715,-12.0921203319833
0,-16.0153621668933,-9.08625785638677,-16.0452652067153,-8.79692103140555
0,-14.3377306884772,-6.02403368852802,-13.3711628431685,-5.9510094117092
0,-16.7582811284973,-13.0951501029025,-16.726763423006,-13.2271653749427
0,-16.1270419446255,-14.5862056843352,-15.6623882492085,-16.3361361849937
0,-17.4962527302167,-6.60457793538057,-15.5718569339887,-6.46944138274026
0,-15.5607797031735,-13.9365486989347,-16.8067325993315,-14.7812514722544
1,-16.1859768506527,-14.823180667933,-15.8399274743034,-15.5325852186642
1,-14.1042975704078,-14.2291813863312,-16.4263694205184,-12.9212055605022
0,-14.1002204948567,-14.0632721661551,-14.4463985839762,-14.6419329785221
0,-14.9007596889998,-15.6723531368567,-15.4486252843802,-15.7834578585939
0,-16.3589559161042,-14.4668124648331,-15.9022808500643,-14.9789381002308
0,-15.1182299536416,-12.9979150121175,-15.025800487216,-12.3237438914756
0,-13.5775982058531,-8.13884729100133,-13.3302522095806,-8.18819290160547
0,-18.0844257447238,-10.0319345654371,-19.0877960038045,-8.19187692399047
0,-13.1535108709085,-10.5593141058447,-14.8188651715615,-11.9681998169585
1,-17.8350849168528,-16.1112616437785,-16.669877812391,-17.0231272369143
0,-15.878692308496,-19.0903850286595,-16.7291622899653,-18.0824427378322
0,-17.2544559431405,-13.1929116518549,-16.5642135648466,-14.6246835540877
0,-17.4909370820902,-11.8252945999251,-16.8722763343582,-12.7679038304965
0,-17.9170816664213,-15.883849314974,-17.3732040152224,-15.8233584361412
0,-15.2741559337059,-12.8274939600311,-16.8016574519122,-13.9171836081159
0,-14.7057095085263,-14.2843723551645,-15.0751054563789,-12.9550452248667
0,-14.5947214246853,-13.8838776060195,-15.6223675961924,-14.1243353029611
0,-15.0093878780752,-15.4477523364735,-15.8021336373598,-16.5652805623619
1,-10.0636790865072,-4.00041163160362,-12.6098245667323,-5.07825166286569
0,-15.0037867664216,-13.207155631866,-15.2050678565162,-13.8966367309003
0,-13.8925176639072,-10.2780769695737,-15.2146215567343,-10.0615685330799
1,-14.508158843899,-8.89034432826851,-14.006717172815,-8.54175943462881
0,-15.2342338176025,-14.2809126951393,-15.0289104529082,-14.4329316565577
0,-17.3955563048623,-15.2595817714883,-15.4826232507442,-15.1157791813772
0,-12.7943668786945,-9.93937994868223,-12.0400848438543,-8.84310668859726
1,-14.3659718348749,-14.0198242461533,-13.8205859339826,-15.5464942034344
1,-15.3056073696163,-11.8605666103741,-14.8252586471039,-12.2574407286677
1,-15.1804150001866,-16.318699243841,-16.5166065919588,-15.2836107693201
0,-13.4527497709051,-7.04339040620123,-13.2131738062778,-6.80286641962766
0,-15.1092375570175,-18.0127815585324,-15.6951348561467,-16.8012973212726
0,-16.4828573058677,-15.7613805266923,-16.0770523689104,-16.6383210653402
0,-15.0667368498318,-16.2023766534188,-15.8808755775215,-14.9780327202762
0,-15.4712718522887,-20.6969966112785,-16.0936053360068,-18.2891089654983
0,-14.7168984606315,-15.0395274129995,-14.6815274402876,-14.4410877968318
0,-16.8686546693763,-14.3193297028797,-16.9219786792936,-13.5319897755369
0,-14.0376735208681,-12.0409026199561,-14.5402549118031,-12.3114114095538
1,-15.1471032632354,-15.4623950386716,-15.3975818671941,-16.3183028386408
1,-16.440547025771,-16.6849510356184,-17.2532529524968,-16.7848486652351
1,-11.3212737558719,-8.52469514144735,-13.0652552382653,-9.45069172507277
0,-18.1710679097055,-13.6585218520967,-17.3942614987481,-14.2676467590422
0,-18.2109930839683,-11.5235101169636,-17.0419035251724,-11.3859606365614
1,-13.6175430700542,-9.57532379868749,-12.8471658983348,-9.02266155713299
0,-13.442852760569,-8.40687364451147,-14.175703812336,-9.63251614225205
0,-17.6835909186297,-14.8052828878045,-15.9629092926561,-13.796879770168
1,-16.9192067619674,-13.5442304170857,-17.3468470141328,-13.7156062067581
0,-14.9066788235688,-14.6978695886639,-16.3103652343705,-15.1989017311089
0,-18.2567894940769,-17.4861504081158,-16.9888386249332,-15.5473899610699
0,-18.0697069429513,-14.9125470495823,-16.911026041757,-14.947866075707
0,-12.2668182932066,-9.5676871601529,-13.7272805173508,-11.1357150077561
0,-15.496979507795,-19.0402754135756,-15.1744482700439,-16.9414087198319
0,-13.1357359299715,-8.49221912386474,-13.5152258648595,-8.33149418859958
0,-14.7908069149442,-11.2388583660949,-13.8332089763533,-11.5616834661997
0,-15.9303288639587,-16.1423396195503,-15.9650096906251,-15.4831427680241
0,-13.9624185408435,-4.82522223402703,-13.4444556909525,-6.20558936144896
0,-16.2897418058527,-11.8037853026103,-15.8357795075834,-12.87513865935
0,-17.0887822366247,-12.4195323929903,-16.0528182194947,-12.207477769026
1,-13.5485055987198,-9.2076865202305,-14.357829075928,-10.5265583912113
1,-15.7115690487556,-16.497937047377,-14.9173126863799,-14.7964412779122
1,-10.5098817996264,2.94499633151741,-10.5489507090556,2.26384109981151
0,-14.257742627055,-13.3024139149369,-15.2343262214898,-14.9115232102693
0,-15.1056651438072,-19.5211185041875,-15.6096500507185,-18.1100686423345
0,-12.9513250469255,-9.16076409167363,-14.8574696888169,-9.3334316621206
0,-14.9473792751716,-12.6443770658793,-14.709368848689,-12.2698031810413
0,-14.2523730110291,-8.69394527989757,-14.3781912217169,-8.74269332601216
0,-16.0610256435416,-11.7647646101656,-16.4780466335533,-12.1508242115107
1,-16.3580245326313,-17.7706004959392,-17.520932305173,-18.2599206829578
0,-15.4119942525378,-11.6817572701417,-15.2069888061463,-10.8458987802656
1,-16.7421480986539,-14.3725267537364,-16.0318547952276,-12.1776560710222
1,-15.3738876789161,-13.6775776314261,-16.0684294500274,-14.1873084860623
1,-14.7288094210844,-13.5443696160475,-15.4640648382772,-13.9928234289725
1,-14.9139262270548,-17.2057656603446,-15.2316478951869,-15.7719231219726
1,-14.1612577526811,-13.204152442794,-14.638089023192,-12.1387419754063
0,-15.6819444270411,-16.9172928949002,-16.2127087101858,-17.2409048321138
0,-17.8223052210206,-14.5129264475602,-16.4462365604721,-13.6861227976399
0,-14.9983317622764,-15.0821201103367,-14.8681654178837,-15.5054239523085
1,-16.1479320463465,-14.4170876753161,-16.7878032675355,-14.3705846209175
0,-14.8380539905822,-15.7404573211598,-15.7860688947407,-15.2923558227056
0,-19.9520765189792,-8.86947723252089,-19.4077121289391,-9.46026018423006
0,-16.0125200617442,-14.1426022460507,-16.4847668111317,-14.5300060480021
1,-14.8860553585892,-17.8649211899312,-15.9223944156975,-16.3068842868159
0,-17.9817040496679,-15.9278557264906,-16.2222423160651,-16.8775036555065
0,-16.092542122892,-13.1534469358473,-17.223102638146,-12.7940683102883
0,-13.8543426350796,-15.4311172190601,-15.3773299402973,-14.8574004690996
0,-13.8586965484905,-9.47464410630259,-14.3961239825964,-9.8074656798064
0,-15.4415267429287,-14.752643578255,-16.1056959040265,-14.7459574585633
1,-13.8957679808957,-10.9114444060282,-14.2546891009376,-9.77235474182284
0,-12.7449489777904,-4.77201184594129,-12.8979718794048,-4.6998612218651
0,-17.0700221228264,-14.5175131999694,-15.9105797913785,-13.7398745996753
0,-13.7729449602207,-12.0614829307683,-14.4862344211306,-11.5357590902351
0,-15.0575666159743,-13.6418268993606,-16.9851647411332,-13.8852429203989
0,-13.9913067685589,-11.5993136661996,-15.1971916388425,-10.1862531996755
0,-22.7741462489217,-12.0237374772284,-22.4800374224994,-12.7796452291759
0,-15.64606503021,-14.2162726490939,-14.8434705539602,-14.4804096393309
1,-14.5315737283467,-11.1639031885574,-13.9354369300015,-11.3886328821522
0,-14.8065104079392,-11.7316574163898,-16.2492885555186,-12.3559297216764
1,-15.4694977526121,-9.99622540392214,-14.8952333567001,-9.10939858121067
0,-11.632648150274,-4.80017276900374,-10.8688065444506,-3.89955200881194
0,-16.8920443404805,-8.2669550212614,-14.1422758842743,-7.76865307977332
0,-16.1429831423309,-12.8575061383353,-15.9497951859002,-13.1877861472893
0,-14.86508945759,-17.5766212365087,-16.2379005675033,-17.3562755157162
0,-14.085822312645,-15.5807683282638,-15.5495916096047,-15.2328370343444
0,-15.6332756861754,-11.1548461543143,-14.9965052267865,-12.8491425894723
0,-18.8009617762945,-14.9090870746134,-16.7819212041789,-14.6849293931711
0,-15.5118408784001,-14.3887601996709,-15.4996810344585,-15.2532494632216
0,-11.9329430352766,-10.457666088235,-11.7610551345526,-9.50380105033764
1,-17.6353803168091,-11.3813083290363,-18.8844775609627,-11.2231232869503
0,-16.8199483795807,-8.69258280270538,-15.7944991615067,-10.6940103831474
0,-15.3340058233088,-15.4190066764679,-15.0615660966563,-13.0836310823072
0,-17.4466891344178,-13.657247750263,-15.2903619271041,-13.0393645653493
0,-19.0125664845574,-12.2026003300449,-19.0595653732833,-13.2830149253482
1,-16.8097794720415,-18.6005349312443,-16.4610006220438,-18.8217061849512
1,-17.375558200005,-11.7221331836054,-16.9158516165509,-11.8366547442046
0,-16.1583035753879,-13.2423496061907,-16.0444042441425,-13.0966768364357
1,-15.4033068513903,-9.17722086047901,-15.4466847935963,-9.19045679666708
1,-14.908949068892,-1.14219772053252,-13.7977225101331,0.019079646983335
0,-13.1126612678639,-18.5093728483342,-13.3691603959097,-17.1943758423426
0,-17.3476733799707,-16.4251266163551,-16.6224464976585,-16.3048974670722
0,-13.3732325732805,-0.716394889380602,-11.7040913633083,-0.612407761237971
0,-13.9765416868937,-3.04622773138259,-12.7217898879024,-3.82985689717146
1,-17.7256937459927,-9.10745270802096,-17.5804669534233,-11.6296680661495
1,-16.8296657147006,-17.9566912344533,-16.5826188528605,-15.5073178627596
0,-15.7468397785896,-14.4385269554219,-16.6110880520814,-15.7313104213829
0,-18.1367228341,-12.8008422961517,-17.1797014231117,-14.18514660209
0,-16.7637641194347,-18.8016534431015,-16.6741732782369,-18.5299278098017
1,-15.570273962726,-10.3217328155775,-15.6428036751774,-10.1850852878292
1,-15.0122278825215,-13.2541735183268,-15.0233382209695,-12.892304545538
1,-14.8952311478205,-12.5392688871499,-15.2895542696082,-11.4897793896019
0,-15.3598372467713,-12.3462643750017,-15.8034450961592,-11.7302165326517
0,-14.9547126810574,-15.4728742032073,-15.113664380987,-15.3187451405428
0,-17.9061221520074,-15.1662267496429,-15.7840257755938,-15.9183759677804
0,-15.3777333312433,-13.5963781525727,-15.8850338203581,-14.1261601650724
1,-18.0816668895614,-11.1607256085502,-18.9029565941468,-10.0955533542411
0,-14.4559830461408,-2.58423476903867,-13.3992830267476,-3.66986287655981
0,-14.0029187314739,-16.2245049917264,-14.0167387877683,-15.1988394959068
1,-18.5947112683997,-15.4741235793764,-16.021838984774,-15.3573679692474
0,-17.5360347461787,-14.2731878687829,-17.2185448392573,-14.985150753048
0,-15.3891105126734,-12.9155105580595,-16.4517435418514,-13.3960818349011
1,-13.7802230226509,-15.9802699859422,-15.0571011404969,-14.2704568859028
0,-15.3919812362732,-12.3318894988138,-16.0537665833524,-12.0416938694623
0,-13.3284099536988,-10.8012066257588,-14.8204044611734,-10.2453959749374
0,-16.4698620573087,-12.672115010746,-16.8670942346127,-12.3335524897403
0,-14.7867047680737,-13.1476715511636,-15.2357743156655,-13.1750944648252
0,-16.1471167151751,-18.844082514772,-16.1586504586909,-16.6593719267095
0,-18.8678067952262,-13.5932151347878,-18.5390574274792,-14.4062603502981
0,-15.632019957913,-13.7037274318027,-14.872708334268,-13.1205964474384
0,-16.2794913268793,-15.1379140035833,-15.6060253653467,-14.3132790769177
0,-15.6477019209433,-10.9910752416667,-14.2064208343267,-10.6745803759929
0,-14.9716939267692,-12.3385413572384,-14.7552681028709,-12.385558727409
0,-16.6299580214357,-11.0077535541339,-17.5695651584903,-11.1878480409728
0,-16.1471222245689,-15.9233199707171,-15.9932727420112,-15.6466187368151
1,-16.1892786393056,-17.006636235239,-16.0486560617033,-16.3371003825692
0,-17.9251791755562,-10.8174534451687,-15.5411502002751,-10.938054415894
1,-15.5685625621115,-8.44423001323548,-15.7859004780477,-9.08465322877027
0,-15.689453770353,-12.5336905024933,-14.5342939553069,-14.2090434387133
0,-14.8549132192322,-10.2613640935369,-13.8279411105858,-9.26384738248341
0,-15.4753209081818,-10.4172280236842,-14.9924816792222,-12.7264888893635
1,-15.9074629633025,-15.1808821735514,-15.4377319872622,-13.2835553274052
0,-13.758290245389,-9.35286905759822,-14.9028658269539,-10.5922706375748
1,-18.4610208299914,-14.3809853881204,-15.9090028293185,-14.6090018668288
1,-14.7918898557219,-13.8575296022536,-14.6203742910356,-12.9791854802205
0,-9.76486028604335,-0.951163398900569,-8.95593915754639,-1.26162008727157
1,-18.1548741766893,-12.6677799730846,-18.1055811204108,-13.1076355710485
0,-17.1785017864194,-9.78422189534729,-17.9520799189608,-10.7020838456489
1,-14.6832968415072,-10.5474546277212,-15.2159974079044,-13.6084351867933
0,-11.7519202095447,-4.2807908734317,-12.4600740146561,-5.78713710887641
0,-15.8853773042667,-6.8517818373573,-15.4877323637609,-7.04122596811785
1,-18.0038142105926,-12.7240633258921,-17.4737473456109,-13.5089633961392
0,-16.2250457361712,-13.6668042352005,-15.4467445339597,-13.7109820345255
1,-16.3433920575583,-11.4408497699986,-15.5526459996112,-9.31718097928184
0,-11.5099810331631,-5.72474838430674,-12.3581306801144,-4.52597376756674
0,-17.0155179120124,-16.4793829508246,-15.7671569138465,-16.6709158722531
1,-20.1835319731988,-15.2507966255593,-18.9425625679816,-14.9499297150131
1,-13.2328374649316,-7.45352307092428,-13.4941700773251,-8.00828467825291
0,-14.808000082789,-6.68892160374389,-14.983808204893,-7.87186551707977
1,-16.5728508959357,-16.9081307540817,-16.7354009059543,-16.9568546350514
0,-66.9191648741031,-9.65180458199907,-65.7695934749554,-10.0089082998716
0,-12.8317866351576,-14.5808650365727,-14.2305108492824,-14.7318933049297
0,-16.5337394257786,-10.9481507743795,-17.1700503986017,-10.6820033445657
0,-15.8668946996179,-13.0931060790047,-15.1777957028317,-12.778246272234
1,-17.4536241889228,-14.5090023461394,-16.2193759462525,-14.7195679896085
1,-18.3817520678367,-15.9004524577467,-18.0945110310624,-16.210155198938
0,-15.572438960436,-15.6246788543444,-15.7855441138041,-15.2601581643571
0,-9.94210351461917,-8.61454288890886,-10.5507590382574,-7.59576219536863
0,-15.4372483533951,-12.5004198064333,-15.5733469462113,-13.7125109066947
0,-18.2517477273542,-14.275634822444,-18.2661375415329,-14.6058338498239
0,-14.2522343192001,-11.7956736093639,-14.8564080665286,-10.6926765431108
0,-15.0476918524732,-12.5153424743353,-15.3954850630824,-12.3281275100619
0,-13.0778339941325,-10.4361337296189,-14.1212398432246,-9.25329600213652
0,-14.5254686747992,-9.66450109062573,-14.714355382443,-10.0978731093363
1,-17.2832953860179,-12.2218863795514,-15.7035257800387,-10.8033335743241
1,-16.5606578880938,-16.7640050485537,-17.3402804956797,-16.0322584375067
0,-18.3529852214176,-14.724485938332,-18.1616167082559,-14.2821044404913
0,-17.0016978308989,-16.1438380084582,-16.6831905781769,-16.4542863254674
1,-21.1379506077883,-8.37633071624015,-18.0464991621963,-10.492209437756
1,-16.4819143394767,-15.625732770346,-17.3572590611118,-14.9152249348167
1,-10.2686871216104,2.85922545693915,-10.1787909776888,2.36008202302988
0,-15.2949729840472,-15.4263415652005,-15.1335004107417,-15.433013025787
0,-12.8218761568169,-10.6082725714867,-14.8129585824284,-11.5582879515324
0,-15.0228586253741,-11.0758227710473,-15.4752544101201,-10.0530083588701
0,-14.7564432485451,-8.74640842105792,-15.0787678918466,-8.51335945200965
0,-17.6273128631554,-13.5878111404703,-16.5073636227303,-13.9220236727149
1,-14.1351562634365,-13.7070392127589,-15.0074840386292,-13.714207040234
0,-17.9025103025433,-12.1136571436786,-16.6270341162735,-14.2327651038588
0,-18.0781503705006,-11.8954475309081,-17.4839146819453,-10.7619719551778
0,-19.1374272136547,-8.93810581665216,-18.3436063266504,-9.69072024662799
0,-13.9764188682329,-13.8993215623329,-13.7993693713156,-12.0525176312047
0,-17.1449882510856,-13.9064566826202,-17.3587122355711,-16.2493045990243
0,-16.8368508149408,-14.3832204429158,-16.011429667406,-16.0808654637737
0,-14.7010704224916,-13.6974944650016,-14.7989222501284,-13.887953561401
0,-15.899023248808,-13.8082141742023,-15.7306137344217,-13.4706471517119
0,-17.5407460382104,-18.5060088739855,-17.7068396154265,-20.5101112960006
1,-16.3581216778791,-5.70723279151724,-15.8768431693553,-4.30251311966701
1,-14.4080372327223,-14.0094887728084,-16.004143961386,-13.6852153147492
1,-14.2450348173314,-4.42994148714266,-14.1864621320151,-5.19352611351028
1,-18.3499226778294,-13.2869016894463,-16.0359288818698,-14.1011183447598
0,-16.8674459729031,-11.8933062501718,-16.7544448484655,-12.606621409229
0,-18.7288410479522,-10.1458715868498,-18.0054745412965,-10.3927904788106
0,-14.5324490680849,-8.31604405902018,-13.8329661989851,-8.48137581731982
1,-15.4380149769215,-11.2436150028644,-15.0922543548539,-9.57944561015682
1,-15.1818895317958,-15.9453479486093,-16.2051435462226,-16.1746013827073
0,-15.7552761422143,-12.8144870087647,-14.9162698154969,-13.0061298503504
0,-13.9724056429518,-4.4542484308504,-15.3793990966435,-4.5424052616969
0,-15.7893269072642,-14.5395260732104,-16.9304256487897,-15.8241911346963
0,-18.0774329005751,-11.0273639521902,-15.1463464504837,-11.4173440123238
0,-16.7099021009812,-13.0128001654423,-15.4503498912411,-12.9635016624527
1,-12.4042666245748,-8.80089669707695,-14.2373116655288,-9.12020308657501
1,-16.6239168624566,-16.9679010155364,-17.0167895345859,-17.9967015510013
0,-15.1445383617321,-8.36187038100849,-14.6158751918481,-8.52737108428299
1,-15.4881597985798,-16.1762394823941,-15.6813443862826,-14.5614136057457
1,-13.500600054811,-13.0279118781935,-13.2034375046049,-13.4742115108454
0,-18.3946719182458,-14.357060633646,-17.6601029594784,-15.4530399335872
1,-12.6382991487876,-8.97620776106841,-13.7329055394434,-9.27531335648835
0,-15.2804246198465,-14.1902557541252,-13.4232006736755,-14.6987043117778
1,-15.5454614719977,-12.5653235338904,-14.5143327535078,-11.7494136664567
1,-12.7464935077246,-17.1792169633556,-13.8206738884272,-15.6574737261601
0,-15.6765440881748,-15.3898005827098,-15.5479815379285,-15.0513555022082
0,-16.1082634017414,-18.0002886814057,-16.4840086775621,-17.2434732148289
0,-14.8915222584904,-14.4569865104938,-15.7059628585384,-14.5656049945537
0,-15.5822800521533,-2.39685598806693,-14.6219746541736,-1.96933373626974
1,-9.84652458451082,-1.06877236716018,-11.1287787950279,-2.22422251047062
0,-15.9962145115702,-12.8280477130596,-14.8509389260058,-13.3743815017494
1,-15.1039756089664,-13.3789578445199,-16.2190985108631,-13.988737191121
1,-16.1546081132113,-12.1955944373018,-16.36366123089,-12.3293809002313
0,-16.2784405544883,-15.9350525791195,-16.6154358348581,-15.6573430172491
1,-15.8109692935057,-8.75570890242294,-15.0094587615066,-8.57260191115445
0,-13.4897420079959,-14.9036289238425,-16.3026002401717,-15.1944698216244
0,-16.8655992942684,-12.3742267615386,-16.802494403543,-11.4639031655734
1,-10.7718262736007,-4.46886864066207,-12.3694312618539,-6.22037993720095
1,-13.9849393950349,-15.2464784227475,-14.0142655191464,-13.8351401591521
1,-18.5560868089579,-17.1349920019738,-17.8738760301552,-16.7845693890593
0,-14.996047607538,-14.8102522072279,-14.9758191642101,-14.63568989214
0,-11.5781864109934,-5.98377922100461,-10.508539518019,-5.35735339419611
0,-16.5215632768413,-16.9717689310974,-16.5619113342692,-16.25636246065
0,-17.9072313871806,-17.4033046780327,-17.3374788656139,-16.5776706533052
0,-14.1943774747163,-9.05875117639751,-13.0769962296086,-8.91121394986568
1,-15.9173228011966,-18.1592845009401,-16.2691769004569,-16.406111774737
0,-15.3601089110046,-10.8784486391234,-15.6080955679833,-11.7744857370117
0,-15.9860930624652,-17.1165019223266,-16.4222705015313,-15.5526002582319
0,-14.2371900754152,-14.9041905680947,-15.4124135897591,-14.6421295816318
0,-17.1248038291628,-16.0405347454006,-16.9775829413295,-14.6723831035781
0,-15.6714835829106,-10.5001757174645,-15.8180220437496,-10.0346700046881
0,-15.1349810945593,-9.9962030794704,-15.1235712926235,-10.8224249014506
0,-16.4135936123643,-15.4748992886702,-16.0718373825793,-16.1358821333121
1,-17.809061939891,-15.1676966224929,-16.6221990494054,-15.703206654363
1,-14.3492934053212,-14.442365672972,-15.6141583031101,-13.4822611113145
0,-16.4960239743929,-13.1321765752671,-17.8589486403402,-13.1651382328987
0,-13.3989664240704,-3.22274829131696,-12.8467610089255,-4.11519292725604
0,-16.6540380361931,-14.6045020054374,-17.1228426639845,-14.0283012594795
0,-14.8788137651838,-3.42230999563262,-13.6858964482003,-4.61563351028113
1,-14.728039806856,-12.2865877816008,-13.9887805010374,-11.1011838806415
1,-14.3080002779891,-9.21738299347873,-15.4952713550742,-9.80926894163818
0,-14.1604700518785,-10.5955765555813,-13.6148740179744,-8.6752093175485
0,-16.1882589421573,-13.0693727835529,-15.8158531018576,-13.2573002555469
1,-15.9559064241884,-16.1877771686974,-16.6671335829183,-15.9865020562211
0,-15.7334714060487,-12.1407060813818,-14.7657471156338,-12.9168434641253
1,-13.8916133457428,-6.23991438062533,-13.2421808775914,-6.36643302745458
0,-17.1763323305076,-14.9248454364251,-17.5568120017184,-15.2354096843396
1,-13.8907392262302,-7.86948620344373,-13.9140928366748,-6.90030429174855
1,-13.4030521927804,-9.98757492772121,-12.79539092197,-8.68815929378242
0,-17.4376532768272,-16.4853212129756,-15.5515922934977,-16.5404216369771
0,-13.5036138609116,-9.896909332919,-13.9015099385251,-11.8021755895166
1,-15.5519843596057,-15.3551573012295,-15.2506335981839,-14.3151571791271
1,-13.3736332173196,-1.43711941659077,-12.6679336820226,-1.51426491351689
0,-15.3095938678439,-9.20910172123642,-14.3235986365284,-9.24069475876622
1,-14.4272538983647,-7.65053608127585,-13.9179968976164,-7.40487594860215
1,-13.1754646653233,-10.2770253822712,-14.6430142925477,-9.85883961336623
0,-15.4804295172283,-15.9796370329882,-15.0314397433782,-17.0809172539993
0,-16.5066029162282,-13.8608381087134,-16.4642119248322,-12.7566634715933
1,-10.8351188368558,-12.0024059455466,-13.8992679216564,-12.7756337968263
1,-15.530911764869,-15.4125229149118,-15.7465945240332,-16.6374898122528
1,-17.6846737962542,-16.7121932807949,-16.2778016602872,-16.5055088202347
1,-17.4204487028006,-9.58319440486147,-18.3988160046051,-10.1274428671788
0,-15.544742041211,-17.2335839686917,-16.1703066890617,-16.8876119593359
1,-15.6723589279724,-13.2738006672346,-16.4552365840898,-13.2330254886549
0,-16.8609294248007,-8.6381292782839,-16.2176415674133,-7.43338225820772
1,-17.7442499506113,-15.2280072478015,-18.608309158801,-16.7358175403195
0,-18.8626734437444,-14.1276552594652,-17.2676690531569,-15.2129126517271
0,-13.9237250092249,-12.4855338081281,-14.2608571167551,-13.400084976106
0,-14.039080320646,-14.3002577207629,-14.5720790744634,-12.5888746015585
1,-19.3565024768244,-17.5618255941809,-19.0986003820384,-16.7261446657406
0,-16.3067459131226,-14.5679805879053,-16.4731353194654,-14.2303238302684
0,-12.4143592651031,-9.22503255949485,-13.5693373116052,-8.40189085745148
1,-10.9854898308868,-7.09820406227943,-12.0496691252535,-5.86782132311754
1,-10.6036766880956,6.67322088013327,-9.82621385554671,5.10172134850147
1,-16.4841567059797,-10.05296520546,-15.5036322632349,-9.1778376510157
1,-13.9901608599715,-13.2183907284224,-14.6556482663794,-12.7065959239255
0,-14.4985646765757,-13.5961503348254,-13.2881748191072,-12.0239411195698
1,-13.6786409288783,-14.0669262043826,-15.2916107072451,-14.6720157401419
1,-12.785435971957,-6.82544122630333,-14.1944028403425,-8.15366649116555
0,-17.9474950414082,-14.9849156116867,-19.8019938000289,-14.3922508258183
1,-14.7005325617975,-11.7752348308159,-13.9507379056321,-12.1872724739415
0,-17.5419942538841,-16.5985137922216,-18.0351583514304,-16.2383755996157
0,-13.6621889688837,-11.2439604168705,-13.6556323436174,-11.0451566665321
0,-13.8980582133079,-6.84313811919827,-14.0959906705897,-7.33783498703902
0,-16.6213634841395,-12.5331062467177,-17.9121369775737,-11.4922182861552
0,-8.2984619434449,11.8029124167797,-8.29523368973638,11.7633057037256
1,-16.4058552595869,-14.277264165394,-16.8532532510985,-14.1483836183788
1,-13.0613274662075,-7.04918937366671,-13.7673706114311,-7.59193444484901
0,-13.2435036643166,-9.92318653800882,-13.4263919479836,-11.6914688838693
0,-14.4923759466104,-9.45183132086555,-14.1661702545734,-11.7660792304851
0,-16.455161230646,-13.2952723363231,-15.228716857538,-12.7848988706638
0,-15.0293529730481,-16.2990735027703,-15.0983891833194,-15.232813427583
0,-14.585558030062,-10.8997304054225,-14.8793693049056,-9.83327853094026
0,-15.4250328827605,-13.1764708054103,-15.3339073862243,-12.8198000080907
1,-14.5522788901234,-12.2530561031236,-14.0095500746635,-11.5786673320898
0,-17.6891226780017,-12.3554998986909,-17.2420953739711,-13.5302116341665
1,-18.5216749759086,-23.6402976359052,-18.3766331799002,-24.3152550239227
1,-15.1573418030736,-15.3997425591439,-15.659311230346,-14.379648014897
0,-9.44842234840886,-4.03652423548689,-11.6407419623575,-3.98512241181072
1,-17.8963806225716,-10.0673415762632,-17.0392953129623,-10.7264204373462
0,-13.4947995080247,-1.88912424770046,-12.2684261925927,-3.12096744476862
0,-19.0774552488295,-16.1383677804241,-19.0524695656867,-15.3979071200617
0,-15.524277587912,-11.3503266021482,-15.7839127034833,-11.302877783536
0,-14.8529347768855,-11.0983003640385,-16.2359304099886,-10.9666808627145
0,-15.4590362122302,-10.7300957220417,-14.7039624495527,-9.80677075987748
0,-16.6273489073555,-16.7535023693406,-16.7874249017269,-14.7461321544518
0,-14.7554122531917,-12.0659376235228,-17.5238740713864,-13.3392540530499
0,-16.5250708970221,-13.737917654147,-17.3491042586677,-13.3189398829452
0,-16.3054694667655,-17.6154776456389,-18.1213377055018,-16.7574592279746
0,-14.2498833141533,-9.16830707129874,-12.7329871855872,-9.82703514814497
0,-16.9309932718076,-14.5235662473001,-16.4517502582889,-13.415598297844
0,-16.0863999213744,-13.4114141171761,-17.3792495015044,-15.3843461906758
1,-13.1315666922233,-10.9453002287162,-13.7323572158116,-10.3081225368073
0,-12.7681911267504,-11.5279102974866,-13.8023492675345,-12.6471841958942
0,-16.8207345091093,-19.3079939340871,-17.5610373569458,-18.223031804422
1,-13.7560884432269,-5.36927692483784,-15.329217674099,-3.82205635203498
1,-16.1977884470886,-13.7475398638619,-14.7334808935782,-14.0479237291005
0,-19.9619446063292,-15.551910107106,-19.3212891074097,-15.1437468752949
0,-16.0663252816174,-12.8750308895289,-15.3244304236639,-13.3753444338026
0,-13.9519715314623,-14.9908774579685,-15.6866469252271,-14.96528833187
1,-15.6900938234949,-16.5016183370621,-16.1267433484982,-15.7516291261949
0,-16.2012822981927,-15.5735487281505,-16.202303008659,-14.9035640531567
0,-19.9975472540086,-18.8569125059579,-18.9840520764555,-17.5943846532698
0,-16.3054715114418,-15.7762974753307,-16.9843525233389,-17.5699488578096
0,-16.5392645491591,-18.8180247897253,-15.9886014990039,-19.2499594179165
0,-18.1285586004809,-10.7848037407293,-18.5642446892755,-10.6764242259672
0,-14.7495624977914,-14.028616637691,-15.1789068277891,-14.3983829387014
0,-13.2691279157889,-8.79018788947677,-12.5720116445489,-9.23902548602821
0,-18.8082076753083,-15.6941839659852,-16.697270707616,-16.3851442390219
1,-19.2209372738494,-16.8820891318444,-17.663195234453,-15.6935170740306
0,-17.7296536481711,-11.6143735562239,-18.5747716441014,-10.9872516609214
0,-21.765893865982,-15.7232186090372,-20.6959910648617,-16.6913230997183
0,-22.7243120791138,-17.1851693664457,-20.3424570291793,-17.2696682333772
0,-14.6895697746571,-8.29133440817012,-14.9434537993954,-10.250716551217
0,-14.3217261732323,-10.1891471259091,-15.1073943406178,-10.082828676682
0,-14.2502420564312,-14.4292815902462,-15.0896703036215,-12.7593783550521
0,-15.9200560201,-4.49568252112478,-14.5882157760004,-5.60688773486096
0,-20.1933542419934,-15.7891260194967,-21.6332523758439,-15.4648748448928
0,-19.7226888599902,-15.5324307039589,-18.3085106015702,-14.9713765590895
0,-17.1090962212196,-11.6966674876279,-16.9454619172201,-9.98028309512876
0,-14.7957118646093,-17.5774723613749,-15.2721310826522,-17.347375006613
1,-17.7053528941014,-8.80864140037262,-15.865504267682,-8.66990803692485
1,-16.1728392498186,-4.72610418292666,-13.8959984032369,-4.19283145054844
1,-17.9673056119711,-18.8373404446464,-18.8068589732465,-18.1502754953267
0,-13.4457464501029,-5.44311898617658,-13.4410591408013,-6.40646032366521
0,-18.235998790607,-6.15291522808797,-18.6241152107345,-6.1216754131477
0,-7.58124943252922,12.4648142417712,-7.68533365955135,12.6762414974888
1,-84.3915024604867,-5.87029337279883,-84.87934045633,-7.54248039716947
1,-19.2147065227561,-14.4008069328832,-20.8271431454329,-15.4003766182717
0,-20.1237487000217,-18.7376410162518,-20.3299803170805,-17.0594391155199
1,-15.9754101691279,-14.8764941132208,-15.3029684469455,-14.4003601438653
0,-20.3611506318428,-25.101352463039,-19.4398944175533,-23.7486083715969
0,-16.0306326149595,-12.8153767182378,-17.142197969059,-14.0547684605308
0,-14.7668741115113,-9.06330502157611,-13.3881236357957,-8.94258802853318
0,-20.3959533873354,-16.3755253467432,-20.4873592196358,-17.2313653730514
0,-15.2201558699322,-12.5557140980749,-14.7614088379456,-11.672506974813
1,-85.3811677355662,-8.97238475724929,-86.1045405076288,-9.32557083419368
1,-18.1960870850504,-38.5529102818006,-17.8107493980501,-38.1461269647652
0,-17.5560596468385,-11.9797146708305,-17.3703416259486,-12.29167161578
0,-24.2543873112451,-21.0819894698985,-22.593153234253,-20.762280212936
0,-19.2074549629311,-13.8697976477086,-18.6065314991602,-13.3810459544453
0,-16.0222098215977,-14.8925659082829,-17.0699755856413,-14.9306582385043
0,-15.1134948366855,-6.73041016682903,-14.7699823480853,-6.44134934387897
0,-14.9475929497833,-17.6515239863592,-16.6264001943692,-15.5251599095037
0,-17.1556714937907,-13.79616596446,-16.9557297841216,-13.3621033355787
0,-14.778974510164,-6.68443722316585,-13.1991990722286,-5.18091889700073
0,-18.9913673139438,-15.2200011556873,-19.8456040577453,-15.3471423243289
0,-20.3767156726018,-13.5557604875938,-21.2430265228232,-13.5962909792497
0,-13.6783246241768,-2.0420827790534,-13.7343877940106,-1.95724283026638
0,-20.773503182877,-16.6070418371379,-20.7016447161475,-17.9827746147291
0,-19.0788790335258,-14.1178244535713,-18.6856390637526,-13.0421596348903
0,-12.2926146340343,0.509877015555583,-10.6250955262732,1.72265521758295
1,-20.5550441795684,-16.2291679969919,-21.138474887379,-16.3380480973755
0,-14.4643207624291,-9.93351072670429,-13.4492362135538,-7.93104269516363
0,-17.9891511874099,-17.3871504468101,-18.8188926499987,-16.2237669180777
0,-15.501160761966,-14.3029038162742,-14.4613151958193,-13.5001928057115
1,-16.4476057954052,-14.0297092871355,-16.0572951026786,-14.7557438222109
0,-14.3881771446404,-8.78144172056572,-14.6197177895488,-9.18940977594408
1,-14.5613172904649,-4.04277480704626,-15.393474787908,-6.57165662306106
0,-16.3929078772375,-13.0621933281918,-15.7336838701952,-12.7726170773938
0,-16.1765279504374,-16.1916218554958,-15.548482659373,-15.6235909890744
0,-16.4590737508734,-13.9828528630749,-15.0752654649909,-15.1824672698553
0,-12.8019091150768,-8.27583889827589,-14.6219787362828,-9.78632192615387
0,-19.1447923492226,-14.507716470438,-18.4572959248244,-16.1462907751472
0,-16.5410975583315,-14.7219389710455,-16.4387543596985,-14.8741055084233
1,-16.7267356605371,-10.286677687393,-15.3787262842213,-10.9134205232018
0,-20.3281440337349,-14.9835402033149,-19.0071572559189,-14.4464758041478
0,-12.441278658298,-2.73117842340495,-12.786188297033,-2.92420260117796
1,-68.3715168271184,-9.169118054832,-69.2087231145919,-7.94301321924502
0,-16.6291282053157,-11.5629655857968,-16.1503583133295,-13.6183414718371
0,-15.4328996774865,-16.5169433935509,-15.9754223505896,-14.4261675592884
0,-13.3884945888,-7.37613060181762,-13.6322348153937,-6.69263888908754
0,-14.9418056970101,-12.264927375781,-14.8048879312207,-12.24232998012
0,-18.6157619441599,-13.9785170148797,-16.2897316327125,-13.8332552812051
0,-18.682189750381,-18.4842169200853,-17.0483977798152,-17.794351024946
0,-14.493251417474,-9.32458579120154,-14.300463257946,-7.04519171705296
0,-11.2274570595724,-4.85690760940646,-12.7105338971006,-3.87980737173258
0,-17.6527753547061,-15.8440643123327,-18.5064901462887,-15.7731494917736
1,-10.1203268335626,-2.34031080411406,-11.5916482566216,-3.48065733123529
1,-18.5645042563673,-14.0410338874632,-16.9555740361062,-14.2225612604605
0,-2.90518366880189,22.7601052112936,-4.76353252149518,21.650143678676
0,-14.9145784986956,-12.2929116149998,-15.3790244728603,-13.0160843383001
0,-12.263399182534,-6.67583947926584,-13.1222121714254,-6.74554786970128
1,-14.3360408322794,-8.98827156963048,-14.4050116304771,-9.44017815695402
1,-12.8104359848342,-6.08692540977005,-12.4258594435194,-4.68285514869519
1,-18.9736988285973,-14.137907012135,-19.8167669546291,-14.2832866594586
0,-14.9940761417803,-12.1175264757256,-15.5513699611878,-13.8959164463124
0,-18.081144907228,-13.046127238669,-18.9296064309011,-13.1422323024732
1,-14.7269295305952,-11.4893828359059,-14.5827959353868,-12.6607415379355
0,-20.0649025653236,-14.4023397737173,-19.895598640271,-14.5486441959958
1,-20.5531462828858,-14.9929629137952,-18.5515377514706,-13.4891849830878
0,-14.145703571962,-18.025751509707,-15.2167919309698,-18.0161334617599
1,-14.6261346096286,-6.36248880846541,-15.0832143616,-7.22370402229312
0,-15.7803203645359,-13.5890026726848,-16.4465176830799,-13.3799819570375
0,-3.30826354134163,17.75550921776,-4.92141681791538,17.9019761562193
0,-15.1629222507425,-13.1070306674826,-15.1006154035231,-11.8112376211302
0,-15.5561507748522,-17.7477708894325,-16.4677803799834,-16.8794286214978
0,-12.5120335143275,2.55118841307053,-12.7936239829948,2.40223623182536
1,-15.2320239083308,-18.8522880391291,-16.6994236495672,-17.4351039516479
0,-14.3036787951612,-11.8679488205049,-13.3399384476156,-11.1569054250243
0,-16.1666461414748,-14.2393624701204,-15.4300559253776,-14.428416414867
0,-15.6301060398526,-14.7385000183935,-16.7994280754014,-15.3985667672267
0,-11.5283193317169,-6.16608279607608,-13.3249211455157,-6.8416562425456
0,-12.5913776729957,-2.92694076373418,-13.401591663624,-2.80372112504577
0,-16.4238432062093,-16.2724999501591,-18.1713165499323,-16.8701290506999
0,-16.0930859472607,-6.08646715352813,-16.2014995022636,-7.35845246808135
0,-16.9250349114912,-11.8695395409577,-16.4313137675939,-13.0536012573252
0,-14.1112633960787,-15.6745509603668,-15.3216224044717,-14.5716121560628
0,-15.0914072567672,-13.2560291636233,-15.9415091057829,-14.1327920371356
0,-16.646379772156,-4.85248436678555,-16.1988470480042,-4.35332228319214
0,-16.6831463871255,-9.5731162546296,-16.0742324641758,-11.178787732585
0,-14.8428862968087,-18.7520766221495,-15.1776264166651,-18.3001687939041
0,-16.0180629067351,-15.7556375216872,-15.5520117655037,-17.6483194843496
0,-17.8473623327075,-16.3212367212472,-18.528865142834,-14.9791103193378
0,-9.46835601384158,7.14749383236989,-10.0836287507222,7.33805074627256
0,-17.7873381387596,-18.5493360447724,-16.6809929892287,-16.9789785337541
1,-13.1106150714522,-14.189639497052,-13.4711559422302,-14.6245160128849
0,-15.6471179225995,-9.07230963463255,-14.0697755694178,-7.7752482758474
0,-18.1172882173718,-14.9791322381308,-17.1987572760478,-15.8328493339679
0,-21.4833355446303,-20.3710741756403,-20.6067835069793,-21.5070811544566
0,-17.3716199556734,-22.9792157249149,-19.2316704047439,-22.1657850508903
0,-16.0305991753783,-12.9995873810773,-14.7375704337674,-10.939598418459
1,-15.0863296626908,-11.3457198502891,-15.7105145913499,-10.7892662740271
1,-24.1032915715353,-21.3229416775467,-23.5307433338072,-21.9446410818859
0,-16.136358397017,-12.3137409720763,-15.9409463684236,-15.1865309446037
1,-26.3695751187757,-12.6140527046082,-27.3301388430858,-13.3780150939544
0,-16.5109015453569,-13.4461990430448,-16.0977597018915,-12.6692912806283
1,-15.510334332489,-15.7571524553264,-15.7542653621754,-14.6232479561405
1,-18.1589475081557,-19.8676555197417,-18.6043873921722,-20.3445084001079
0,-19.1980076467509,-8.02824395282023,-17.5766796286307,-8.30963222016601
0,-27.0838655401746,-21.3634865466273,-27.4446331778897,-22.1177535323197
1,-15.102160515726,-8.09654937104362,-13.5587627673658,-8.62568581642087
1,-15.9207509520202,-17.0984134047947,-15.7190925167256,-16.1324493294131
1,-16.1950971760891,-11.9309328586691,-16.8897994685563,-12.3753736200742
1,-16.2226859268429,-11.9890190646999,-15.7646385159866,-12.5400729625737
0,-20.8427400987538,-17.3546634550784,-21.8361016295221,-17.1252187180165
0,-17.325823870916,-13.2628928783883,-17.0952198314625,-13.6235664369631
0,-18.251188838701,-14.0198840996879,-16.0744855924935,-14.9358918537429
1,-19.237192856408,-13.9996117893268,-17.9613128012243,-11.8962793671262
0,-20.3255368325802,-19.8341619294912,-20.0413347103577,-18.6974708276196
0,-38.6009733805997,-20.1285285885937,-37.484818433976,-20.5487306725617
0,-24.8538810278545,-22.799046229622,-22.9743969527212,-22.524658411614
0,-12.1564169451679,0.823893107516448,-12.3053157864029,-0.391997612324853
1,-12.0667256311498,-6.86890834610606,-12.7873958400449,-6.63427532522817
1,-15.8908809346193,-15.1520415379097,-16.6329212170218,-15.1999489171386
0,-17.5666659744565,-10.9447281192625,-14.6404648029531,-11.5922697933702
0,-17.8367686875296,-10.7473493079287,-19.3068880078994,-10.3687721707519
0,-106.797290128138,3.65321704766943,-107.443659267888,2.84753409348514
0,-13.3069300653983,-3.71797479387023,-13.3753873237061,-3.86429675194059
0,-18.5643461869742,-14.91555345036,-17.2234841447794,-14.054630698691
0,-14.6906964129898,-14.0120793351491,-15.3534344397205,-13.0171145985912
1,-16.2840464662577,-10.7997067266154,-14.6748588800981,-10.6255700567922
0,-15.272047581532,-12.1453757409689,-14.4841558985674,-12.3362131741968
1,-12.7318960024069,-11.9565162736007,-13.0659067456991,-12.6519253513242
0,-16.6523327440724,-8.89323284896493,-16.2901407051718,-10.6011030941189
1,-17.2446810415847,-12.7616852812252,-16.1834067472715,-13.5815576881408
0,-14.7691287504067,-13.0778272007037,-14.5921688098175,-12.8274339263799
0,-17.875680297062,-14.8751484655563,-17.8731415163729,-14.9200908599266
0,-18.4609141174231,-17.9814271916744,-18.4894878994648,-16.7240073049055
1,-14.7428467775782,-6.54544836452656,-14.1873134196753,-7.60724954185239
1,-15.0166408874476,-8.46226528978036,-15.0605934932957,-10.0333882258733
1,-19.0214662397037,-10.3961428384312,-17.780470506694,-12.4446927586392
0,-12.1832403352308,-4.81257202118328,-13.0262939072985,-3.36660194042369
0,-15.602281197506,-8.30558788348118,-13.9235389679429,-7.47030054861207
0,-15.8135493400288,-17.2373174041607,-15.6910637416247,-16.8795344481185
0,-14.1885487631415,-6.34990374296359,-14.2264009502162,-5.94163835985385
0,-13.5131954748789,-2.01159671172581,-12.0589878554782,-1.21239386136836
1,-23.3503438380947,-33.0953444749041,-22.9304022748144,-33.8273379494396
1,-21.3885009717861,-16.4286176377111,-20.8558820696569,-16.8610554198533
0,-12.1846074351189,-4.14767994483391,-12.2692272439242,-5.74838315214405
1,-16.9614894707485,-13.6210094686786,-16.66015126996,-13.2801747992578
0,-14.4434276212821,-12.1413763812398,-15.152970718811,-11.1654953116953
0,-16.7296491111784,-10.2715036756298,-15.9514461729252,-10.4925893731701
0,-18.0496740078789,-12.0466873973762,-18.3310550096137,-11.3975498976154
0,-13.9175789044788,-11.9267630075953,-14.1446807599842,-11.9080034942317
0,-14.8982384370119,-12.4781478243261,-14.9730449734587,-12.3875421707585
0,-18.760287467672,-10.9674112091796,-19.0150267694922,-12.2940156669083
0,-17.1751525815271,-13.8213365079268,-16.729947774726,-13.660858048224
0,-16.829530260353,-19.8790389401274,-15.99815878409,-20.2680257483052
0,-16.0700397644382,-9.59935148077268,-17.1429162714677,-10.2968916442282
0,-15.7992593976729,-15.7301508780108,-16.1552660123571,-15.5403073975659
1,-15.9016906313585,-12.6059894994694,-13.7068828244986,-13.5053471386727
1,-13.4428108697653,-14.4257157907689,-14.3048814297676,-14.8866373259311
0,-14.7260010922213,-11.1023407664637,-14.4619769649397,-10.6170877175766
0,-14.9239872588542,-14.60593962785,-15.7550222217324,-12.990987565646
0,-14.7123853636107,-5.11633089645609,-13.3539176347966,-3.95258722748591
1,-17.4876847766862,-13.2787754309954,-16.6628643293051,-12.4408449531868
1,-12.9663184162419,-9.49829778675999,-13.7127195706819,-12.0288570771121
1,-17.5609510361512,-16.710623614024,-16.6249039070454,-14.8013268971104
0,-10.2902416054337,-0.410705160890326,-11.0883424271715,0.146991216167319
0,-8.98412308403698,-1.90560237109252,-10.635789460487,-0.964016171207089
0,-16.5254060099883,-9.22489730869825,-17.2332076803995,-8.31866356147677
0,-16.1928022159813,-13.5283443624585,-16.2275501534786,-13.2780692769697
0,-12.4998919953793,-1.9140323551981,-12.4402562774794,-1.49001918718076
0,-6.11938015888026,11.790748259447,-6.96988027049478,10.0549477103166
0,-17.1010099335145,-7.41842565656025,-16.5900560558604,-7.00002090410345
0,-16.715296471677,-9.14138859577238,-14.6414796552067,-8.94365287530942
0,-19.1472094443635,-14.4447320313773,-18.3730129446379,-14.0766972897718
0,-9.9840950475616,-2.6368498935113,-10.814413643112,-1.05078256331464
0,-15.0823677373714,-14.331758311969,-14.488655990018,-12.634526297414
1,-15.9112406142919,-2.3072307386522,-13.4248854928117,-1.51585679134566
1,-12.731879155101,-3.42785322234589,-11.8781919582016,-4.94682400322693
0,-16.4935038843365,-11.2878588437679,-15.3603707656219,-11.2217666191878
0,-14.1876947601575,-14.122833986626,-14.2015088524547,-11.0145531576983
1,-20.0159550095859,-30.4824121810179,-20.5431255944171,-31.2273013124604
1,-18.9282413346617,-16.1963688473346,-18.6873686690087,-15.010455502769
0,-14.2986167085969,-7.79926977921385,-13.3220541721543,-8.48490091926744
0,-15.3912270115609,-10.9305995451713,-14.9690002441576,-10.8879898666828
0,-12.2921632432922,-8.17727653894072,-13.6147549974903,-7.53460548872598
0,-13.096131212345,-5.70647812351447,-12.3751676499407,-5.669355356008
0,-18.8545714478431,-18.5665325313594,-21.0947496117666,-16.3936029652978
0,-16.1286073644358,-9.4380236292512,-15.8920092256096,-9.70855395100337
0,-14.9640792093171,-15.157115411957,-15.4585258985652,-14.2251691091949
0,-11.8525091115316,-6.35713404135666,-13.131464672537,-4.77697490737636
0,-18.4409943938144,-14.8815623772074,-18.9415051253924,-14.4493721162758
1,-14.5450278007948,-9.72710984617018,-15.1495782034966,-8.67030927419382
0,-19.0214080567784,-10.3630994638385,-19.0413629769629,-10.5854862562789
0,-7.06258035603316,13.2990228846566,-7.90929586533064,12.311172549526
1,-15.3755355676233,-10.8008673932247,-14.8301622567636,-10.4396305757037
1,-15.3038462029988,-6.60891833849807,-14.5046152332037,-6.13634031006748
0,-13.3414625932079,-14.5202731588717,-15.0630296810305,-13.1688494476631
1,-16.41304791955,-13.1352823867319,-16.4421061591295,-12.4615648087751
1,-16.1382221494973,-19.7104326468046,-15.585132581807,-20.3182781339885
0,-14.7737317422251,-4.52941881352058,-13.9014622453789,-7.7457991486763
0,-11.9916712237959,-10.2494608211981,-12.5567044000996,-9.83362402087465
0,-17.5102816641755,-11.2602404349506,-19.243380961364,-12.6988619185876
1,-15.7383078274935,-10.0831854169111,-15.8178455777014,-10.4320089952959
1,-14.6303831561399,-9.89188998974215,-15.6005185597511,-12.4340597690755
0,-13.4171267032795,-6.57574561357241,-13.5959608356604,-6.93703005893998
0,-18.0076928713286,-11.5627178584013,-17.0699200024076,-10.4241936478453
1,-16.1328685701039,-13.5331666303612,-15.7939343732215,-14.0626717820135
0,-15.6787553382353,-13.807004497672,-15.7236855258041,-12.5574940167327
1,-16.2397223039021,-16.2736356288992,-15.759552885269,-15.2533975341102
0,-16.4209521895035,-14.2746359670533,-17.4835655419807,-14.8414873470048
0,-61.5095131842431,-0.314005485701567,-61.8495187917537,-1.25658588363353
1,-17.5455093381365,-10.9226015849597,-18.3924002193083,-11.3690951594367
0,-15.1724244076753,-9.27166459263088,-15.0752538309325,-9.931917429367
0,-21.4328869050296,-15.1605872843507,-19.0494975582721,-15.907108120011
0,-14.7241333152643,-14.5539854363817,-17.2819755349676,-14.2579669465146
0,-13.2673462067362,-10.1493011476585,-13.5436200862436,-10.3428238589638
0,-19.4867600189254,-15.0112331615737,-18.7926645004195,-14.7982335453298
0,-15.8744405663861,-11.6071076530362,-14.3419373347285,-11.3408562239923
1,-15.9987784860197,-15.0734553490283,-15.3093442625891,-13.8194636658162
1,-14.306495929539,-17.9360761459332,-14.1745635848494,-17.424716713563
1,-15.9241858333946,-10.7162991892314,-15.2446798254027,-11.5487847291352
1,-13.0877496894805,-7.85214317602652,-12.7958728055358,-8.91971788152295
0,-14.3664087841133,-11.3292291472106,-14.5357455015209,-12.1751901884411
1,-16.703967984831,-15.0217827190645,-16.1768681725811,-15.0464605711665
0,-14.5174776494858,-0.165627539776417,-14.0994687002617,-0.0861152443357911
0,-15.0921233021785,-15.1336180736897,-15.0806932184083,-14.3932106364579
1,-15.0778811027612,-15.5830303227964,-15.5001963855545,-16.1965547545557
1,-14.9472620138779,-6.43235101008939,-13.4757152120291,-6.02106128847804
0,-19.2323033320853,-32.7373373721261,-17.7691896871487,-32.5305265813132
0,-19.8127725231524,-15.9090368199161,-18.2171414351327,-14.7629144243373
1,-15.3696862730092,-4.97324481831726,-13.0737105859386,-4.27232404966863
0,-14.0699409489067,-15.1480198640173,-15.2556109338689,-15.29543211387
0,-14.3688800145788,-14.9647723682517,-15.480121109553,-15.0251364967645
1,-17.5030367482291,-15.0095466417972,-16.3450178300603,-15.0278859828275
0,-14.4737361545355,-10.3538258534724,-15.9743092937726,-11.604478540029
0,-15.4782720135329,-15.6701627813899,-16.4511977830023,-15.4132606810381
0,-13.0411373790596,-9.62549324358332,-13.5307867678272,-8.53228605661389
0,-13.4635497778659,-5.78158695562878,-13.635192818815,-6.18358975930225
1,-15.9837244500176,-8.8662018937451,-14.586515684622,-8.25270586502039
0,-15.8386717434829,-18.0223616174883,-15.7013281844048,-17.6865532247323
0,-14.0587917855103,-10.0095428436166,-13.6386453373222,-11.5941809870748
0,-21.9295279151508,-9.68415766894548,-20.7364734192387,-12.4240564177817
1,-14.7816065898001,-13.6821876381702,-15.8956656759147,-14.2244979531476
0,-15.7536232177206,-9.64923482591853,-14.2434954113753,-9.48127108715546
0,-16.4545287796078,-14.0359157833178,-17.2406305462079,-14.872150500913
0,-15.3948381502438,-16.5966093190243,-15.8998460560439,-16.2139821977319
1,-16.134503001287,-16.5913997623374,-16.3721362723071,-15.3384266096341
0,-18.4129458782199,-14.6947122595453,-17.7134996361563,-14.0962158388158
1,-15.6598698183088,-15.0028714705379,-16.0727769232845,-14.8527483638595
0,-16.6920328865158,-14.540836453771,-17.4057675526995,-14.1543495280957
1,-16.3337981038052,-16.0435223473958,-16.9044305212684,-16.0583105505415
0,-16.5424269184334,-13.2960634194782,-18.4839963393433,-13.8493506656316
0,-27.6117398124673,-15.9177986089047,-26.2769873490017,-16.2163062392706
0,-18.8716728373546,-12.4881399153746,-18.0032960835216,-13.2176492678884
0,-16.7917075486944,-16.6547904567731,-15.9880078455075,-16.1114763065792
0,-18.0859713987089,-16.9131029239923,-17.6393888213671,-15.7731684931514
1,-15.7604478954695,-19.9635948898352,-15.5216534050871,-18.6069895674597
0,-23.7947283769081,-14.2141011846595,-22.1502415043591,-14.0675662718824
0,-16.62876108097,-16.0257810005158,-14.8624836111827,-15.8432623829693
0,-17.6990825415744,-11.8115861455563,-17.4466250432085,-12.5393259462647
0,-17.1592135012165,-8.88546647135469,-15.9354549513439,-11.166634416229
0,-17.0396880697284,-14.4571658547328,-17.1372561361934,-14.7881744716806
0,-18.9338379504057,-13.0888823550606,-18.6342771592803,-13.5581093300824
1,-19.2802856933565,-13.7807865000886,-17.6521280363542,-12.9579637181137
0,-17.8237679364948,-13.2974303924889,-16.2832265213082,-12.4880590933169
0,-18.6928817807027,-16.4190787812508,-16.9547047825318,-16.1368544723317
0,-16.68757719708,-13.7087513263071,-15.8328846845602,-14.8912308510275
0,-16.9507674123815,-15.7755210657113,-15.9759164813459,-15.6851535324536
0,-15.8833508959446,-12.6897598380803,-14.8733368522989,-13.5759363327855
0,-14.2740649239045,-9.54451237111706,-15.1463389939303,-8.73653188728766
1,-13.7053762939507,-3.19285768820903,-12.6353820945601,-4.9460547555471
1,-12.4038795176243,-5.0796236116242,-13.2037113699266,-4.41993988094884
0,-18.8537787197125,-17.217618695751,-19.275435999529,-16.2742615626468
1,-10.4976478920404,-5.6500764328948,-10.7205682952647,-5.4072868683967
0,-17.8308615730428,-14.2503505316742,-17.5759456163271,-14.1764214068861
0,-15.9054791221276,-12.7265621325347,-16.5761870493586,-12.89731822975
0,-19.1142010229967,-15.0322886094141,-19.758872703328,-16.0046905630887
0,-15.7806124085285,-12.4618087015808,-15.545211363061,-11.2437446416691
0,-18.423018987004,-15.0193038708213,-16.6829580775414,-15.8789419804987
1,-15.85785145639,-12.0679955712857,-14.9087035686036,-10.5033495819988
1,-13.8958973575691,-13.8557871468358,-15.1574104592757,-12.77312048081
1,-17.7385253954656,-12.4219425433218,-16.1957951620991,-12.6628025333794
0,-15.3580518919821,-15.3089185938187,-17.0550659691282,-16.2767115914459
0,-17.111943397895,-10.5314001952214,-16.7173099689856,-10.9863527234361
0,-15.4737377709026,-14.0867445805665,-15.587287526529,-14.4599899452909
0,-16.7831236192704,-18.2237065402861,-15.2428869784672,-18.2164562782224
0,-17.2710261543574,-16.0991090529458,-16.4662585055026,-16.1601633235181
0,-19.1331471673965,-13.8879857655791,-17.7086997168386,-15.4099514543196
0,-16.6210976430301,-19.9883165548378,-16.7595050030963,-18.0629881377883
0,-14.6860571698439,-13.6815161142543,-15.7732971449401,-13.7453779433949
0,-15.7800597724158,-16.5154057826535,-16.4251352689665,-16.8020292812237
0,-17.2535690266537,-15.0773141692686,-17.1928263872672,-15.8200631367287
1,-17.129586446239,-13.2809680144091,-16.9255447957557,-12.7981986504261
1,-15.3037856461914,-14.9984366294603,-15.9037919773524,-14.8705400331979
0,-19.4474206052197,-13.9098733293794,-17.396177157762,-15.3275851501744
0,-19.4784436023199,-21.2664002845277,-19.9311395113257,-19.3385029407275
0,-15.9158333731529,-13.0478067454594,-15.0098782828948,-12.5768352435846
0,-16.9176586894692,-14.5247663343405,-17.4455546746891,-15.1989983813545
0,-16.5621324193228,-13.7754429080271,-17.2766939907062,-15.1079485717299
0,-12.4106696498996,-5.88289383121044,-11.5624606094158,-5.9094105445624
0,-15.1945394092894,-15.0188641816761,-16.3944184650751,-15.9136286507108
1,-15.6408939985937,-16.9640164409926,-15.1657440524445,-16.1955867988533
0,-16.8901123041687,-18.1762878678498,-16.9304660342857,-18.7409544217011
1,-14.4216720142883,-17.2029243746804,-14.5656975003698,-16.9021457144512
0,-13.2097666349958,-10.444447000584,-13.8698527628974,-8.57442217036526
0,-14.9590403642604,-12.2522139099556,-14.86168920233,-11.0650601117142
0,-17.4157313410388,-15.0264085877046,-16.7314882115787,-15.3235813695775
0,-16.0515157080569,-15.8287655755926,-15.9680812947208,-15.9485333830056
0,-14.3695556519649,-14.0528415949865,-16.0702458172402,-14.4082502409768
0,-16.661420291539,-14.8034563840674,-17.6515265573019,-14.5304344788304
1,-16.9952663814281,-12.1268632650316,-16.5592096851683,-12.377291395159
1,-12.2391059656643,-5.68421898984591,-11.4244560979897,-7.28498313238613
1,-13.5023724532822,-15.1786421910889,-13.7097896914817,-14.848418332556
1,-16.3527837261909,-8.78260274518399,-15.3803996189117,-7.73065667668081
0,-14.6928382900819,-13.9902645651434,-15.4153831488198,-14.0336986301686
1,-13.7749509541004,-8.77756118067828,-14.2779380419703,-9.26694624200299
0,-16.264201449551,-14.8139626781806,-16.0743221707263,-15.8937046666774
0,-22.8462377637584,-16.1276488833812,-20.2054133352399,-15.2412621414785
1,-15.1662054326443,-14.3256250543747,-15.7744909561076,-13.2872096656656
1,-14.5761078791315,-14.5746036353127,-15.0454011412567,-14.5689539989754
0,-13.9260052128299,-13.5625260154361,-15.868111613319,-14.9467791777915
1,-18.2030984175429,-20.3882966055379,-16.4261001406956,-21.725680000296
0,-14.8457983150472,-16.3096740923567,-15.782147979605,-16.3597369955691
1,-15.6515288068232,-15.0228409608747,-17.1342430309136,-15.6911091318568
0,-17.7376775639639,-17.4354050412114,-16.8100156517713,-15.0967620882633
0,-15.4619640557011,-16.9527247949971,-15.8446620203805,-17.3602441388697
0,-15.8675489742121,-8.87802013058559,-14.0934445735607,-8.53573274274055
0,-17.0308160078967,-17.0491164990281,-16.9763322003944,-16.9460714105813
0,-14.031589320417,-15.1676678583784,-15.9570481799355,-15.5136670777125
0,-15.6313196351862,-10.5145802638084,-16.2209711345719,-12.5209913738873
0,-15.7876373583358,-16.7108326039823,-14.8161193120897,-17.210524771225
1,-13.8822787932946,-10.0714511964689,-14.1700786256669,-9.43429948082067
0,-15.8628664353377,-12.7105689013764,-16.5548919409225,-13.6701079800744
0,-20.1086732565238,-17.1140080371542,-20.2171741649239,-15.9678891062386
0,-21.1877166470099,-11.253283517799,-20.3743516623782,-11.6696858248762
0,-15.3028468467944,-15.8014294677075,-16.1685175190963,-15.7972928013261
0,-17.0575069829981,-15.4660651582977,-17.3656006279688,-15.8312671452984
0,-16.8628569824946,-17.1770628031111,-15.8076712270849,-16.6516889027167
0,-14.9701994205218,-14.9361880848571,-15.8892333220298,-14.318752199162
0,-22.5967342740437,-23.22364786094,-20.5332111885908,-23.2889760239877
1,-15.8567940721717,-14.1550070957826,-16.4668491636647,-14.0819645696688
0,-16.5159744697873,-15.8808345091755,-15.9983019304595,-15.13307089101
1,-15.5328350297326,-8.88596461003925,-15.0307065417119,-10.9540460820524
0,-16.832151470356,-12.6842040998193,-15.3872722407783,-12.6236979494043
0,-17.7384846670405,-14.8947553606217,-16.6429925482306,-15.4781945527813
1,-17.2707586094986,-13.1723597000648,-16.2567579190322,-15.082958545698
0,-16.2516969010787,-14.4833113316926,-16.1363314126495,-14.4196999038013
0,-18.2512508587044,-15.0267310188094,-18.5882106761802,-15.5528872026192
0,-19.6961946732401,-15.5219672946402,-16.9661705680693,-16.6747253216249
0,-16.6947461818137,-14.3658214260049,-17.2511476101818,-13.1326336194085
0,-18.1112400230462,-15.644609038753,-16.903405824746,-15.4082861634016
0,-18.1156049145621,-17.8649703571854,-17.8849763360034,-18.8577617818808
0,-25.4155672707823,-18.928279942303,-24.6188795253536,-18.8953695175705
1,-18.1560069896839,-14.8144014669232,-16.3866368668802,-15.6428639882867
0,-16.2938212439369,-16.5061819671081,-16.8563044820337,-15.6781051099786
0,-19.6577066296305,-10.7547267607011,-19.008591165927,-11.5896478641949
0,-18.868544951827,-20.0856332514153,-18.0335532798268,-20.8893330640251
0,-19.9636738842028,-10.7773282100066,-18.0639899715625,-12.0932942540852
1,-12.8558163965451,-2.06464372050094,-14.1764988861078,-2.65350587162125
1,-17.436794447059,-13.6670450983492,-18.1501597995998,-13.3644920862446
0,-17.284432236825,-10.50869073147,-17.3471698363745,-12.8473163851976
1,-15.3084043837449,-16.3373771358317,-15.3189523546597,-15.1157710304823
0,-16.74289547722,-14.8665354049555,-17.1239730588587,-15.2273049948583
0,-15.3509045691263,-16.2471340869506,-15.0102582673761,-16.6155718682515
0,-17.0506699673205,-16.1710022859814,-17.4174801300201,-16.2485109345326
0,-16.3606975358865,-16.2333475646552,-16.1697674496627,-16.31088092996
1,-16.4109551536355,-12.1837625119385,-16.9176046471841,-13.7740567760192
0,-18.1096235418272,-17.0325873440543,-18.2331025230765,-15.5960512433542
0,-16.085346887451,-16.2017147321905,-15.8690949619546,-16.4774833993711
0,-21.5838393185517,-17.7486816566171,-20.4858789176672,-16.7665909937711
0,-15.4065914552377,-15.0118663355875,-16.2240996502603,-15.174313437357
1,-17.1607717151206,-14.3591822435408,-17.107117226859,-14.9404421290687
1,-15.0162742040293,-15.5381769934292,-15.1027797283795,-14.2399808133958
0,-13.5856163200655,-11.343432254284,-14.1965843116902,-10.7388139214029
1,-15.1758291941622,-13.8289948430379,-16.2369003313699,-14.3286229112986
0,-18.1481650311576,-13.4193302763519,-17.1196670497764,-13.3436005849653
0,-15.4517321246149,-14.646528637528,-16.4724653110463,-14.5709088087281
0,-16.012786438599,-12.4123287723133,-15.2498823014318,-12.0004958347117
0,-13.8459463930513,-14.4885971229501,-15.2428090755372,-13.2130411758231
1,-17.9156647257754,-15.6064280380496,-16.9278856021624,-15.9191493417136
0,-14.9898335784493,-14.5760124037592,-16.1569023439636,-14.9806780345253
0,-17.3754865018924,-13.9621994308021,-18.1486227215361,-14.6426729864657
1,-14.2462858514222,-15.0072578664032,-16.2511651113366,-14.7710033709836
0,-19.046644070137,-18.2233519349397,-17.5062669798685,-18.1931108937379
0,-15.5913691422183,-18.0614539591178,-16.050736742234,-19.1912469673607
1,-16.738626260946,-15.7614123603573,-17.3697792554806,-15.9220630302585
1,-13.3455631140654,-17.3436421826762,-14.9001405996247,-17.0388543301661
0,-16.29825162491,-16.7832416641756,-16.3047785771233,-17.2189063977137
0,-17.8402214888595,-17.0373921640602,-16.4793444261887,-16.3729036072825
0,-14.7291937565469,-18.0429661913208,-16.6208554983236,-18.4024522946295
0,-16.8764159305112,-19.5083068233386,-17.3413368547613,-18.2681800136981
1,-15.0383676695032,-7.90221996656112,-15.1314137174318,-7.67272549055887
0,-15.0507639556296,-17.9893569615899,-14.6626365290091,-17.5036199423004
1,-14.1099823541591,-17.2738289313527,-14.0178304316033,-16.9157625925115
1,-14.9442310134567,-17.2089490052294,-15.4793155076584,-18.1533857287538
0,-16.7595016156525,-14.4385193678755,-16.9259149083472,-15.6692225274947
0,-16.3756076205055,-14.7167623147309,-16.6911834195674,-13.8395604226108
0,-16.1101611625782,-14.6505159996514,-14.9636039658454,-14.9609750383263
0,-17.4521545593688,-16.7560998203297,-16.7811950041917,-16.1716014066145
0,-14.618894181475,-15.9294286749555,-16.4270486431209,-15.68322396974
0,-14.7359491077175,-16.9294442146911,-15.9169106105143,-17.9118975563696
1,-14.9854353145037,-15.1211311569472,-16.0469435086249,-14.3847756057921
0,-16.175548419233,-16.0797936386555,-15.2854643669868,-14.5569146998283
0,-15.0678206818009,-8.58301788451582,-14.7484572352927,-9.97169360168273
0,-13.9820036856184,-15.6631926696939,-15.3009907693812,-15.1993653481462
0,-18.5183202945233,-14.0251564548173,-19.8686093464986,-13.0906122759962
0,-17.4953614706245,-15.9789532964952,-16.8625109301398,-14.9510574779098
0,-15.7215493918814,-16.083934017304,-16.3903340179741,-15.4740055466797
1,-17.6428341679854,-14.7834758922814,-17.0372294980877,-14.4859469110537
1,-14.5588132984467,-18.7584455759806,-14.8871904437372,-18.0932206860181
0,-13.8481235056327,-12.8171458801149,-13.689766170749,-12.9330876551982
0,-18.8321575014461,-17.1922653662497,-18.8334558187666,-16.2329207795838
1,-14.7976910725566,-3.73525410073623,-13.4159185989484,-6.26658861363332
1,-15.7976363433806,-17.8879762262901,-16.8124135714833,-17.5747564303288
0,-14.2295131370715,-14.3005535330058,-13.6806621476277,-14.3109859183521
0,-13.7477361394694,-19.2533058983589,-14.6440783039745,-18.1033107403393
0,-17.9625144274754,-18.6993456525644,-17.0908645689838,-16.2680102335925
0,-17.1001066659305,-16.8473584849284,-17.3526062546559,-16.4070915355374
0,-16.2643180894711,-14.745691748347,-15.3926252956359,-13.2719723497641
0,-18.9206685171659,-17.4138466988537,-17.2766573515685,-17.000177035909
0,-16.9620476287319,-19.0918262418887,-15.6673436937583,-18.3134951154551
0,-16.5721564653018,-18.3854934276327,-16.1031507676605,-16.4830501745195
0,-13.2303177826189,-15.3782471465031,-14.7556068534142,-13.5544507491641
0,-16.272646279548,-6.79302707182547,-15.6818448984994,-6.89992879537206
0,-16.4784388739184,-16.6276951039482,-15.3010033176137,-16.7879805509727
0,-14.036110890771,-18.216859911901,-15.0082493993152,-17.8195989794374
0,-22.2382826390812,-17.8219879969017,-21.5550776942874,-18.0223279657561
0,-16.0045052711887,-14.8844894897872,-15.5279428316214,-16.038356648734
0,-19.7758755476676,-16.4659240860933,-20.1591599776047,-16.7680126156665
0,-13.6753109597808,-9.63650284622797,-15.2806800239838,-10.4684883663438
0,-15.3443097348224,-9.91283643291313,-15.2812989060792,-10.5835273499849
1,-15.5078248569014,-10.4200268365265,-15.8927895374528,-12.5135631931181
0,-14.1413601672655,-9.08113543625393,-13.6233773395176,-7.80061718055947
0,-13.4315955063632,-8.65855192794346,-14.777628106882,-7.1535580300739
0,-14.2342896908703,-11.0500975258514,-14.5674696132829,-10.7886567397524
0,-17.8614117043575,-15.3869221007277,-17.4804937604409,-15.8437865289698
0,-16.5220591709896,-16.447090348179,-15.9988816157801,-16.7737670297899
1,-12.9925642412357,-9.31351748416109,-13.4473805463947,-8.82421856927679
0,-15.8597774326433,-12.8515790466766,-15.3140245815028,-13.7942969104241
0,-16.8918803553091,-15.4730904348689,-17.2139099041736,-16.775619294659
0,-21.9736903707865,-17.1377494661724,-21.4424624627257,-15.6781369614475
0,-15.4126144182082,-15.5281747247176,-16.1343481786488,-15.5462597702039
0,-16.5468843948816,-14.7603158142253,-16.087254467449,-15.7681616963208
0,-17.719181966951,-17.3853394273694,-18.1618467084011,-15.4828299671576
0,-14.9167651418135,-13.6019653609187,-16.2112353458512,-15.430910466446
0,-15.513415295963,-17.9821230361656,-15.5514651011788,-18.0427270026996
0,-14.9120576880774,-12.700780453221,-14.6447086782036,-13.8986570101828
1,-19.4223360601083,-18.0379311931701,-19.9178862911848,-17.4430465121366
1,-15.4445714219212,-16.626959579944,-16.6882999704413,-15.3699650182633
1,-14.7324439583128,-15.6511975829373,-14.5399900210395,-15.0499577297769
0,-16.4495676911611,-11.848839720417,-15.405544302872,-11.9265323077847
0,-20.6562929076417,-12.5396653532044,-20.8108116070916,-14.4337447630661
0,-15.2952409078604,-14.8430177630108,-16.4672596426846,-15.8271292855784
1,-16.9234105372678,-9.32322792608528,-18.0023605305674,-10.2049002071335
1,-9.32986913584661,-4.33327262113151,-9.71890405975395,-5.51872111089092
0,-13.1993279069775,-18.0590504844403,-14.0933168010993,-16.8333059252573
0,-19.5448918671983,-18.1306430741621,-20.7570070327378,-16.7031429988049
0,-14.4498211351323,-14.2508360093876,-14.8271743192738,-12.5167024208739
0,-18.4743589463852,-16.7878660474,-18.5433928443361,-15.4306530650581
1,-16.111994601272,-14.581866359086,-15.4178767312759,-13.7595798458889
0,-15.5770535637298,-13.8741174240302,-16.0731399870594,-14.3508266646829
0,-17.8560947122051,-15.3891866333103,-17.1265690074648,-15.6022600196324
0,-22.2926940074324,-13.332596186836,-22.1159922359536,-14.3011290737852
0,-16.2313229613007,-14.4304936969471,-17.8664892203663,-16.1794424732476
0,-13.4219523937153,-14.141066361372,-14.7209663921991,-13.6278558373891
0,-17.2251872204416,-18.8457323313137,-16.7496540149666,-17.2982061301674
1,-16.6910818966633,-12.2006148254965,-15.4107219388459,-12.6249570612685
0,-15.254044617935,-16.2057225206511,-14.6157298795748,-17.122324155325
0,-16.2126511542116,-11.0605177040948,-16.3120072748926,-11.8977805900762
0,-16.3728589202547,-16.7353049126299,-14.3135287105694,-17.5345643650781
0,-14.3916239853444,-11.3043414105992,-15.5946627627932,-12.7004954448476
0,-13.8364793804388,-7.78247722356101,-13.7545412692551,-8.22889958372021
1,-12.5202000394231,-9.49176964289951,-14.6530203405031,-10.0516690901998
0,-14.1132279400418,-8.271161099174,-14.1088029894089,-8.57911708198517
0,-14.427574464925,-15.9655777078446,-15.8294869439295,-15.8458289922195
0,-11.742803330296,-17.5868588418315,-13.4714456784753,-16.0131851889912
1,-16.3511349003222,-17.0490540996095,-16.444245267917,-15.2737365320302
0,-13.9147182349949,-15.6858626790758,-14.5738925749241,-15.6852988508892
0,-15.4984564455818,-12.9680881135503,-15.7713492988268,-14.1663635385295
0,-13.8082892784948,-9.15899311408155,-14.3202338496597,-10.5977065389202
1,-14.2627877027151,-9.25755677275268,-14.4864686333939,-8.51320693359018
0,-14.8458634811619,-12.9370489425052,-14.6971217533453,-11.7806306734099
1,-15.6902517184687,-9.58913524382156,-16.8287547597803,-10.2244232863002
1,-19.2445566182148,-15.5178141761183,-17.3811197179622,-15.1068789126186
0,-14.6188313342846,-14.7790086813821,-15.804134752612,-14.48833209908
1,-66.1161679600634,-11.4980985881847,-64.2343993131267,-12.5671438026953
0,-16.7437432288208,-18.2394405271182,-17.3715882714882,-17.4094673643752
0,-17.6263043040192,-16.0626810932026,-16.4485090304947,-16.6556909507984
1,-15.7896006287812,-16.0682630596094,-16.9172821362933,-16.4915953739018
1,-10.0310344636497,4.15506519784329,-9.86706760100897,5.0195683224457
0,-16.9948065202172,-16.4032762026022,-16.0944232282146,-14.8340842041362
0,-16.0734832923542,-11.0884452292608,-16.5083993981246,-11.9431402806409
1,-12.9850098536508,-13.8666677122901,-14.3859274855666,-14.6822340204732
0,-14.8809316029683,-13.9802933410587,-15.7223901543714,-13.8894274289652
0,-17.2412116514212,-18.297087679437,-17.6465237780336,-16.6143753624127
0,-19.8001354871656,-14.2007549554895,-18.954502785372,-13.3762512037883
1,-14.5643616662732,-15.5991711935598,-13.3685236861334,-16.3600630511005
0,-14.2866446905244,-9.65196636956452,-13.6125885225246,-7.61726448193391
0,-17.9558732517986,-9.30611138175716,-18.1704769315357,-9.60862558837119
0,-14.0916255399884,-12.8522147403706,-14.6348171628253,-11.482527382325
1,-14.1812092993869,-11.8590804576196,-15.3307046052789,-13.3446637257535
0,-18.9809559216865,-15.7335840688242,-18.5846534021615,-14.9398574275083
0,-13.2725734850816,-12.3709875312359,-15.7264144958792,-11.0053828304962
1,-18.2361857466267,-16.8428466860559,-18.0687011222311,-16.6159954637463
0,-15.7913161282859,-12.2556215719413,-16.5369038921086,-11.6209964537093
0,-15.6598467519631,-15.1840157876995,-17.0773051485424,-17.1874092528507
0,-15.8899184267333,-13.8161930351788,-16.0203494970673,-15.778059456798
1,-16.9500639244979,-15.0292580198701,-16.3405546698241,-15.7006519146882
1,-14.0087299771521,-13.13905893581,-13.7396919201107,-12.4192800853028
0,-14.76555871371,-19.3459626501293,-15.5083333716978,-16.9863666765481
0,-14.4074377029711,-11.0081423270574,-15.3197459754087,-11.6900852294564
1,-17.5157370137753,-17.8150686345979,-16.8842044111538,-16.9470561087712
0,-17.889647921277,-9.60194226979792,-15.6491431850371,-10.6740525289292
0,-16.221527691207,-13.8206005590151,-15.7514062982774,-14.4050419300058
0,-18.531481239682,-15.7955757848555,-16.6674943070955,-16.7778413769082
0,-17.9150626160262,-17.3324585491534,-18.2271842607514,-16.7465496786261
1,-16.1835421665224,-15.33568113947,-16.4197339244708,-15.6945827012491
0,-17.1500499729465,-17.2936792108693,-17.1374903998901,-16.5860622908572
0,-18.0535422334781,-15.7991409499012,-17.8662909109551,-16.47164807401
1,-15.1630584885837,-21.0458896991808,-15.2583458455985,-20.1460102461839
0,-64.4468261196695,-16.1931776426177,-65.2570451522776,-14.8047508173735
0,-11.8463583488396,-2.03035881334259,-12.7611390780793,-1.58820413596205
0,-13.7126354657791,-15.6592264957424,-16.4509198769182,-16.0671596467121
0,-18.3461690781451,-12.7821738424367,-16.8467092803459,-13.1470869099043
1,-17.6025663873652,-17.4996937731476,-18.1351850229446,-16.2694339406843
0,-14.2706661322945,-15.0116130820476,-14.1558008424872,-15.5764961776399
1,-15.3449546758672,-16.5264672723253,-14.8368640729722,-15.4341130785646
0,-15.1574808442371,-15.7579693936514,-16.2237999080082,-16.4092392073609
0,-16.0246874909722,-13.280618644273,-15.7083458809721,-15.0109434563495
0,-13.2242100346462,-15.5621433591786,-14.3298779520822,-14.9200899101033
0,-15.6155430491214,-15.627532756947,-16.2654219199589,-15.4064223615738
0,-16.2656817252473,-14.0454616123442,-16.2399977208626,-15.5163403882982
0,-15.7537145072555,-16.2560731560357,-16.1126915408716,-16.4309386554842
0,-17.0669793198575,-18.8223903680148,-17.919616074238,-17.0233675439439
1,-13.8757424450145,-11.8715997313273,-14.5942879306111,-10.8139526422547
0,-13.9058846219281,-16.7710710332349,-13.6903373753537,-16.4082295205698
0,-17.2173159323903,-14.200198802001,-15.8406924431168,-13.8436335299498
0,-14.5935968177538,-5.79096380365541,-14.639023027283,-5.01265725493471
0,-16.6522635138335,-13.2787397836305,-15.8304031868212,-14.7301445539944
0,-18.7595125642554,-14.8358974890946,-17.0733059650377,-14.9334331373937
0,-19.5618504695437,-18.3209485132269,-20.6154324563766,-18.4833902624116
0,-18.5613496216491,-16.4574379148737,-16.9133803833577,-16.9648770866303
0,-17.1640519830868,-16.04003248153,-15.7367731825361,-14.871417901877
0,-15.7892353448526,-14.2860458561503,-16.807242661892,-15.22095694928
0,-14.406647217599,-14.2200377529525,-16.1647372941947,-15.8842522992753
1,-18.704143435038,-17.8421733791434,-18.7597437448883,-18.9680115157237
0,-16.5909489450765,-16.693590072288,-16.4898386601882,-16.4754212391132
1,-16.0915115491396,-13.9682748443172,-15.2290466342248,-14.7044420462967
1,-15.4730603460951,-15.0136008880998,-14.570587581885,-13.0994977399061
0,-17.6867918597755,-16.3008112377359,-16.2913465331022,-16.7909109070775
0,-15.4315126303186,-16.0762668434147,-15.3815005146055,-15.9274282500566
1,-21.7466881951588,-13.9154373468968,-19.2770695172694,-14.1704687108859
0,-16.941234325829,-18.5317810729431,-18.5273475216724,-18.2144251595333
0,-16.8004605836138,-13.4193020270544,-16.4564480483592,-13.1910941496613
0,-16.3773705248192,-14.653183905802,-16.6836853356782,-13.8443676470834
0,-18.0523240253883,-15.1677861985998,-15.5363291145004,-15.1611763218165
1,-15.1189050669697,-10.1052137005198,-14.8353611000054,-11.8028398356542
0,-13.2807480671169,-18.0121783040259,-14.4166249388399,-18.66223593026
0,-16.7912456159581,-17.084582675763,-16.2086224341985,-17.8492066647605
1,-19.3922409467595,-20.4718190145987,-16.9480347474517,-19.2366689587848
0,-14.6538274745077,-10.4783379938431,-15.2216443007107,-10.6035508351835
0,-17.9690561992969,-15.5716555703013,-17.4932661146364,-16.1523285378598
0,-16.5168269718492,-12.4903257621784,-15.8705321346502,-11.7992996642985
1,-16.3504299590536,-13.9201428136629,-16.0763918909184,-14.9673623591827
1,-7.7775678295466,4.64291538729265,-7.57930176359608,5.3470426643334
0,-15.0312460888514,-11.9489314706373,-14.5963875952566,-11.6447765788506
0,-16.1874914680171,-16.1912158302631,-16.7792053247863,-15.79874395179
0,-16.215687096567,-14.3386095106456,-16.1100913499013,-14.5820234691684
1,-14.4831230118164,-15.3393287266443,-15.2074294150731,-15.8051674627053
0,-17.8796925988637,-14.464244566136,-16.4803394132956,-15.7586847023173
0,-16.3773387205797,-13.8997422471197,-15.2578629944998,-14.9202903019853
1,-11.8979143977373,-4.74243082829855,-11.6888371602103,-6.07275561092594
1,-21.9071763594743,-13.7917447796328,-21.7341466176085,-13.0347449818455
0,-16.1148315450768,-14.8433556896426,-15.9989167604166,-15.0663431466716
0,-16.4162608885769,-17.2349975127302,-16.528811476569,-16.2800320029102
1,-18.6925766319763,-15.137909220452,-18.4386355460135,-15.0021610561282
0,-13.6754835284399,-11.5872844131728,-13.2878757411009,-11.0637335982709
0,-18.6990395899267,-19.1844746090398,-17.5552868105062,-19.7188360632347
0,-20.4172041783925,-16.0981566830531,-19.936824559126,-16.3358277632611
1,-23.8621408974645,-17.2053024217444,-22.1579161317639,-17.2793622445555
0,-14.9102383446767,-12.2313326111711,-15.1185005116876,-12.8864790014779
1,-13.927774622036,-17.6748415818541,-14.7491319851728,-16.8102691766612
0,-15.8351345943438,-19.6273035191484,-15.4900363557415,-20.4985170446296
0,-13.3029774275929,-6.96732481269766,-14.0302100336477,-7.42283387347354
0,-18.076099846869,-16.0563878406634,-19.1369988458228,-16.1835336243084
1,-14.4387345883513,-13.6581639798174,-14.7320162950219,-14.5612467351015
0,-14.3449950509736,-14.5022962271905,-15.2275467718083,-14.8880837910815
1,-15.8669728250091,-11.1505321006323,-14.656405332328,-12.3574803837201
1,-18.4020086882154,-11.8564169966998,-18.0422707873402,-13.5245268407112
1,-15.0800305208772,-16.9279296986504,-16.4783897828178,-15.8648854383678
0,-15.165510087546,-14.4525997063924,-16.2564090211508,-16.4700435404687
0,-13.1783901280478,-10.2595233671124,-13.3085742156693,-10.8819278253945
0,-18.1794079027189,-11.8922522431201,-17.7140091450384,-11.0669652236314
0,-15.1996526426299,-18.0351111432779,-15.1926375889635,-17.5346911145492
1,-16.7096651352386,-16.4234653712374,-16.6403266768514,-14.9894492320499
1,-19.3758147567126,-17.0481960513155,-17.1621343625252,-17.5001324991094
0,-13.9830991152706,-17.9293589898046,-15.9127990533175,-16.6246621514462
0,-13.1355933298386,-16.2290814052847,-14.4256425641503,-16.2350630465382
1,-15.3147136808342,-12.2797269788126,-14.5657876470473,-12.4897844865568
0,-16.3120675711914,-12.1499466924299,-16.4976700259948,-13.7733789944403
0,-16.54818989156,-16.8949993460706,-17.4951808384882,-16.3010249277376
0,-16.7830925722148,-20.9253644509229,-16.2149034481822,-17.8037635266376
1,-4.83544465061222,25.5748024487353,-5.33836868492512,24.6801408042196
1,-7.36224226378083,23.3107443204651,-5.79664668557545,22.1845600859447
0,-12.5523423911954,-17.3116706356006,-13.9115616938233,-17.136870086192
0,-14.1700758661065,-19.0201224736093,-14.6736514778999,-20.3531679126726
1,-14.9099326942832,-12.4405744938702,-14.4557384114081,-13.2537255862551
0,-16.8795332968178,-17.0585633510425,-16.1787337324572,-16.2919946982751
0,-12.5793907679621,-16.6258558516478,-14.2969660572477,-16.2543177568825
0,-17.996184198239,-15.7098788203678,-17.9809200991515,-15.5251591921419
0,-16.5210685007848,-15.2712056573942,-16.2414592623201,-15.3791472150044
1,-15.0177087797896,-16.2549983027692,-15.8084185899434,-16.7098973365321
0,-14.607504152697,-13.3583443486193,-14.5117900306168,-12.8233471489444
0,-18.4231263914165,-17.1375077656515,-18.1871511916632,-17.8234925250548
0,-16.6227948549694,-16.1404241772992,-16.0848771254875,-16.5779850008573
0,-13.9067368864334,-11.5202300832091,-14.5209856787829,-12.9420542968513
1,-18.6046290933611,-16.5387170084918,-18.963979133158,-15.8760588699863
0,-16.5168489717191,-17.4731840247263,-16.3320504822594,-17.3846741432333
1,-17.7764477028572,-17.4188205701641,-17.5354146811606,-16.7402599701406
1,-18.2888306254451,-17.4271335155282,-20.0329113602631,-18.5621138411133
0,-13.6917058893767,-12.2637307590749,-13.9187726783417,-14.4484208541181
1,-14.6902003975197,-14.4528450520264,-15.132089778676,-14.4697178223742
1,-20.4739421287427,-17.2195122404006,-18.9557162606436,-17.3649107880917
0,-14.2483097065648,-13.3309696578599,-14.8350702718405,-12.7736366777339
0,-16.2969574530067,-16.5329721266372,-17.0607571042678,-15.9874412635007
0,-14.0858636144695,-13.5811338459031,-13.9208650431032,-15.5035740266392
0,-16.6237904766616,-15.637846685344,-17.5966514571656,-16.3930613550057
0,-18.2724945019968,-17.9826579402478,-18.1905810731076,-16.4689293877514
1,-13.8205303064439,-8.94336456524208,-14.650404691186,-10.0473079533493
0,-16.4364035585227,-15.7236583773995,-16.6394081760487,-16.2357501675428
0,-15.1407264875256,-8.24176760213109,-14.645964877262,-8.72985395199366
0,-13.6757185402742,-17.8541123486175,-15.5618185817442,-16.4191576556982
1,-11.8419292701851,-0.250527285477852,-11.5374701231672,-1.76720053745831
0,-17.6983220384107,-18.285952230108,-18.0138765428259,-17.8978941238181
0,-14.2502367991062,-12.9863298650129,-15.9302072775207,-15.2151815974205
1,-16.6824383063325,-14.8019755902063,-16.9455076891558,-15.5749918426494
0,-17.7213191377473,-14.2872175881377,-16.871234853381,-16.0788849272116
0,-13.8691271052416,-10.3491706174273,-16.1968683335244,-11.3835804990549
0,-16.7304788950411,-18.1236330796801,-18.8697165705243,-16.5229275612424
1,-17.9750979506186,-17.0672836197179,-17.1557054107532,-16.489797398755
1,-18.4814736469984,-14.2124611235222,-17.0319255346026,-16.1248819506867
0,-17.8498814843584,-15.7964151607971,-17.9385093547547,-14.0729560781284
0,-16.7658200728434,-14.0083699518706,-15.8288953541448,-14.5466386984376
1,-12.8412152857931,-12.9556132506552,-14.8630278473739,-13.0926717547926
1,-15.6271250764344,-14.7065097450205,-15.1575466842304,-13.2707394002403
0,-15.2480202132117,-11.3780547654011,-15.651758218648,-11.4936761506034
0,-16.2303406039067,-15.4791621405244,-16.1955906063134,-15.7349610753525
0,-14.9738026088618,-15.255127920544,-15.6474634766247,-14.0946674251336
0,-16.6148295461587,-13.3904516680171,-16.2300404769524,-14.8193373399519
0,-15.7320559058224,-13.6469208740881,-13.8292080539375,-14.7788689739658
0,-16.9993692771566,-10.0311502714378,-17.3907986509749,-8.92921436718872
0,-17.740087358356,-12.7646678901453,-18.4440068305837,-11.171219244821
1,-15.2109588483501,-9.06797842781379,-15.7836889603962,-8.98118588088188
0,-16.905648878506,-16.974543146367,-15.7733811697322,-17.253547653728
1,-16.9813654471886,-10.239323698813,-16.3449579234658,-10.5872852247588
0,-16.913246950106,-14.8563569322431,-17.0458589795116,-15.0050716665039
0,-17.4620777440384,-13.7264188578409,-17.8996252275685,-14.1217823755163
1,-15.3578423958888,-16.8120005952259,-15.8268159620156,-18.1313637147874
1,-14.8665714618244,-13.5341233052576,-15.2944049162073,-13.5472100929726
0,-15.6564906998336,-11.2802330740611,-15.450457611946,-12.1850999280887
0,-15.1599882714284,-17.4054654251832,-15.988890159441,-15.9853568859959
0,-16.0231850405669,-14.026703884657,-15.5236915948305,-13.9528177709884
1,-13.0974409882966,-10.4928596575539,-14.3225213981001,-10.98422461638
1,-16.8958612703053,-14.3242942028352,-16.255039142438,-15.4738652563611
0,-13.6209471582205,-11.3615361485072,-14.0744419101365,-10.2834252176684
1,-17.3432483998633,-16.0927674375302,-17.4501060871762,-16.3161323716691
0,-17.8463276764081,-10.9060598184964,-15.5316380609951,-11.2594798908893
0,-15.4708867876759,-13.9664986415028,-16.1386492744856,-15.5525631981635
0,-17.5951187598529,-15.0293388030783,-17.5035592514798,-15.7258099801861
0,-18.772514468626,-17.6780658953988,-17.611005519351,-18.715326994114
1,-17.0004581994891,-16.1460235401507,-17.4166168366023,-16.0436521287355
0,-25.2368503473135,-13.5648591122135,-25.3121564888184,-12.4135103421016
0,-15.1687885570622,-17.8551917639036,-16.0282897149685,-17.0585571285145
0,-17.4679292160811,-17.1412607741909,-17.2819440330704,-16.1583091697605
0,-14.4065406044598,-17.7941565387892,-13.9684610598709,-18.607191965228
0,-17.0024020623337,-16.9317441927641,-16.2395412440571,-16.1027415144966
0,-14.3956853127389,-14.1002695973878,-15.1017949173788,-13.3158690004433
1,-16.1280964345158,-5.46267956120345,-13.7990997443018,-7.03456968604619
1,-15.9372749998972,-13.2503552095821,-15.5594767000607,-13.9854763299636
0,-16.2298856341338,-14.4940598190101,-15.9494075990849,-15.1997253526965
0,-15.5721720750839,-10.7481326062239,-15.8337568819674,-12.5125019021027
1,-17.1320681418601,-10.4145305557743,-16.2671705892603,-11.6471216926046
0,-12.1521812477733,-11.3739438192084,-13.2198656835338,-12.4611066269027
0,-22.1147075288148,-16.236286872993,-20.8573141523549,-16.8180046815384
1,-21.3190273239961,-12.7125800977668,-21.1328375475618,-14.7969998315861
1,-16.1426822263465,-18.2566495874498,-16.7854790650331,-17.1027962944414
0,-19.7764737205685,-18.2721390252198,-18.3547493478773,-18.5502206416497
0,-18.0302105575584,-15.8749973525199,-15.6477978832085,-15.0190433550906
0,-17.8147224050644,-14.8528924678981,-15.3465666225278,-13.6984191633618
1,-16.9761676602647,-16.590378286455,-17.0942245829057,-16.568257418755
1,-15.6366554842776,-13.464588762567,-15.395228025231,-12.3703420042546
0,-13.6300418210632,-12.1474850613657,-14.1813727712071,-13.8032437388691
0,-16.5800327710626,-21.9735026059468,-16.5579165086525,-21.1306554650762
0,-15.7752412755238,-10.8092068918102,-15.6937339166441,-11.6466957210027
1,-17.9401350874045,-19.0323037391095,-19.883893460963,-17.8817431086184
0,-15.8907498107825,-6.93621010997644,-16.0324512442421,-7.39658140380933
0,-13.2576291536439,-13.4428314835146,-13.928353485677,-12.9723777053302
0,-13.9162360979068,-6.02016179917532,-11.8869309365773,-7.99420752756149
0,-19.0535914106496,-10.0381061207484,-17.0969223108859,-10.4136327826559
0,-24.05492892929,-24.4166949036615,-23.2739638832999,-24.6627887094233
1,-16.0567644313031,-14.6421388015259,-16.9999105043303,-14.9760600512694
1,-15.3306774758818,-15.032821291491,-16.2649818108468,-14.4717823956225
0,-16.4035342801408,-16.3492661247477,-16.7076519686119,-16.1083320097135
1,-17.4276513618553,-14.7601684381107,-16.7079346681265,-15.8334926485782
0,-16.6126346575684,-13.0183559630429,-16.3133785470845,-13.5616613873597
0,-20.456725607993,-16.4562591308519,-18.3900570438655,-16.2701744830107
1,-16.6731129810828,-17.1482730821203,-17.1398368084437,-16.7395977470627
0,-17.6597814419294,-16.2235310679007,-16.096968902939,-15.2147234063073
1,-17.0498003040163,-14.8358459269005,-16.868256861545,-14.3280815230649
0,-20.0627779165204,-14.8146333259236,-18.9003550849051,-15.7886226260696
0,-20.0725218646778,-11.9045195442814,-18.75933007085,-14.5531538931713
1,-15.8135307722851,-13.1577382404196,-16.9464776835009,-13.0002589251535
0,-14.3130782142054,-14.1505675031455,-14.2451969867123,-13.4118336601439
0,-15.7266022972581,-13.1860486012342,-16.2488293372703,-13.7618209866213
0,-14.2403286423299,-14.4402975565556,-15.3474392898112,-14.7787886716507
1,-15.7027422252627,-15.7042154199401,-16.4295561423501,-16.0288145577877
0,-14.9091275832136,-14.2607897508753,-13.7732224085422,-16.1392435027293
1,-15.1731900114729,-13.864916203886,-16.1784206179224,-15.1759502526416
0,-21.9807752524194,-14.5960737520593,-20.1376265993075,-14.9213579029329
0,-14.3395212392631,-12.1088874351267,-15.4309742440111,-13.6309773479115
0,-16.4008140705153,-17.7395089176163,-16.2277443634659,-17.3639132107718
1,-14.8150190867876,-13.6371136270181,-14.6188116413381,-12.363953373855
0,-16.016136343456,-16.3954602592392,-16.643662263505,-16.2272313376126
0,-16.0547620831395,-14.7242112278979,-14.621417201854,-15.7377428036917
0,-14.9174185473403,-25.2364483171666,-15.21363461662,-25.0123607913952
1,-17.4039538812284,-14.1638617755941,-18.9517264226506,-15.3287036352069
0,-16.8432733479751,-12.4476168835744,-15.6672394480925,-10.4365422832261
0,-15.8669586059098,-13.2266736910062,-15.9836491146313,-12.5144544595919
0,-17.6054081669985,-14.321131176235,-17.4924191910306,-15.5296820826641
0,-17.6983736529743,-13.755889739565,-16.0767471294573,-14.6989641637404
0,-19.1230246631827,-20.0642451110833,-18.6482539865154,-17.603700323628
0,-16.9111404494326,-16.9543263001256,-17.2975083531597,-16.1179252728587
0,-15.803463027269,-13.493978304901,-16.2031065190317,-12.79194203724
1,-14.5162584951885,-12.6247541462184,-14.8323535018324,-12.2616837826467
0,-18.9000375208363,-23.0637348819724,-17.7389712146173,-22.9494902244566
0,-18.5973475860515,-17.7552494071932,-17.9415048151862,-17.0102919542114
0,-16.5785819094938,-17.6714678898235,-17.3645890172816,-17.3956982819553
0,-14.5554961248466,-15.3378081670505,-15.1998701770819,-15.2051443404149
0,-14.667145456,-18.4678678422614,-15.6131375755796,-18.7538628171301
1,-6.43913512516907,6.53918716284066,-5.780409545375,8.62407779345788
0,-17.5917050786322,-18.4245987972416,-16.457543870659,-18.2314589459295
0,-17.0137897846888,-16.6639261834951,-16.6776097194339,-15.3520326133519
1,-14.4689551148166,-8.24836593342043,-14.2082310282006,-7.87945699030352
1,-16.0920869544051,-16.1682805301348,-16.4190880171921,-17.6484897335669
0,-14.8354517272008,-14.3554245255422,-15.6916211216948,-14.007316313331
0,-14.4728541267738,-13.9438174830431,-14.622104863675,-12.6818452850445
0,-15.2764774480906,-12.8697718098557,-16.0328129008667,-14.2118249362741
0,-15.1744196378884,-9.73682094404834,-13.7419881212221,-9.46784743681998
0,-19.3068515619109,-16.901313873381,-17.7936522261517,-17.4318885016732
0,-17.7675402082434,-11.1465087663063,-15.4035735725592,-11.3553225884149
1,-12.6836609945899,-9.21974123016873,-12.794644260083,-8.63515606118869
0,-14.9870262346288,-16.6350113165507,-15.5643850798935,-18.1303456230173
1,-15.0244707223343,-14.6227370465563,-14.6672157133794,-15.6822326206798
0,-16.2515458906371,-15.8832304454975,-15.8589338845641,-17.3468213451896
0,-18.3986157943166,-14.5714569774015,-18.6869462617605,-14.8174507317811
1,-16.2510254608676,-14.2070427823906,-15.3635147460085,-13.8406202576981
1,-14.498614481341,-11.2424785674686,-14.4584215584188,-10.9893791550686
0,-17.2332838820571,-13.4458522034592,-14.968655346729,-13.1824964400743
1,-13.8627709168599,-7.97107164527351,-13.3873452358227,-7.254795895222
0,-14.3150691540562,-17.168883072501,-14.8281088828047,-15.6381884039056
1,-15.6240358703226,-10.8098018559995,-15.8834047955431,-9.86539092537695
0,-16.9368580270566,-15.8270196362067,-16.2902259774809,-15.3860017441736
0,-15.3754878105512,-10.7555753022274,-13.5482180396401,-11.2212630433527
0,-15.4281532501102,-20.0009726139192,-15.8095001045977,-18.5698071659317
0,-14.9165260800382,-17.114313266967,-15.4123969840084,-15.1081036241003
1,-15.8423084475612,-17.6969703768234,-17.3437240472458,-16.5535338284859
1,-15.2883985660493,-14.9430247148494,-14.6610217952537,-16.4947776129302
0,-18.010880561146,-15.1616316548438,-17.4657836995973,-15.2298119441786
0,-14.9829968009628,-16.2975913519181,-16.1506802176007,-15.5859006956731
1,-16.6741952799127,-14.3949221831059,-17.885615892999,-15.8993926213548
1,-15.1582202390581,-9.70351186078987,-15.2122572892654,-10.5867551596342
1,-18.9011068683055,-11.8096379332138,-18.3026340855698,-11.1545393858607
0,-16.5603679442342,-14.5630261840089,-16.6061501554841,-16.1653417334335
1,-16.2326528630423,-17.6542878007919,-15.7025849590235,-15.844154479477
0,-15.357407906697,-19.7885746565644,-15.3837759133346,-20.4299744672299
0,-14.291264194516,-15.3271743142865,-16.1489704991277,-16.3339025094186
1,-15.7205837417496,-17.9788354384807,-14.891683040796,-15.3208739615401
1,-19.8409141154937,-8.17072953267896,-19.0786693416628,-8.28848337725707
1,-18.1270247805808,-17.2732135083812,-18.3324073385427,-15.9006164172857
0,-21.9482586703831,-15.3714691778417,-20.1180458484484,-13.039956369765
0,-14.7517112016017,-12.743894216795,-14.1904585016649,-11.9635389544446
1,-14.1539603825024,-5.6308719277598,-14.7170795302085,-5.43228424387679
0,-16.6727872121199,-15.7691150499899,-15.2170293517571,-14.6491303322746
0,-15.3246836208236,-11.0116705766455,-15.8208453704473,-11.7623330414945
1,-16.3517548738651,-14.6283347958772,-17.2947571963289,-14.5479883840555
1,-20.8562554703149,-13.0548503047488,-20.9710121030381,-14.4299692666847
0,-17.568787182271,-15.3287536932207,-17.1464599047818,-15.2785959477201
0,-16.226725029313,-17.552473944545,-16.2373417088054,-16.5964040395591
1,-19.4318227219798,-13.0690655201089,-17.8034669091655,-13.5896722504451
0,-21.2439579489551,-14.9004494293827,-19.8969542158689,-15.1499059250787
0,-13.9119999472149,-9.24773980570045,-14.8889527659875,-9.90702345886689
0,-14.064851376082,-12.0881723539134,-14.8978981564822,-12.5948395686156
0,-18.1232980699104,-16.0849695820232,-19.3484561613025,-14.4230347608496
0,-19.951548158928,-12.6812246130426,-17.4421962955729,-12.2827020252867
1,-14.527201991792,-10.981468649094,-13.3560551842814,-12.2435312418812
0,-16.3296669764142,-18.064690945606,-15.6595136907887,-16.7518648419584
0,-20.478187107916,-11.5530028719838,-19.7175948129944,-12.2531705876068
1,-21.3432518526749,-12.5397907427353,-20.9799343318295,-13.1691033095366
1,-13.2695399659643,-4.95372365092333,-14.4759912332286,-6.2449604414644
0,-14.6784570103623,-13.0975447135124,-15.2743093144747,-13.0674181643261
0,-16.6068010126219,-13.2242656780967,-15.8070835647753,-13.2660938129532
1,-17.5903549769289,-14.7951792437785,-15.4319564104628,-15.71292940451
0,-17.0332246321337,-15.3818531571271,-16.3246447645575,-16.4058525198866
0,-15.1479984145427,-14.3785604425582,-15.5591159833896,-14.7543342399118
1,-14.8906586244372,-11.4051576831165,-15.1665618041027,-11.6701552159385
0,-15.7232892396089,-15.8450885434263,-15.8461809868832,-16.1129390234942
0,-16.4206328792684,-19.5610142369979,-15.5101100834331,-18.3653193339647
0,-10.7001915038419,-9.98229932815275,-11.4315329879361,-10.9016933767087
0,-16.1386385495358,-18.3743703010111,-16.7114522315437,-17.1614913066439
1,-14.0636565967571,-16.94450956422,-15.1777697938146,-14.4783603746098
1,-12.119092656145,-13.6165482957307,-13.0970864310503,-13.0754272414871
0,-18.5013641787493,-14.0402376500914,-19.5275973255334,-14.5592592361543
0,-13.063187215233,-6.41995859933159,-13.4917503758825,-7.77709089314802
1,-12.8519404712193,-11.9875449103146,-11.9276401139953,-11.3508987899821
0,-17.7096165453785,-17.054659193008,-16.6707093580416,-18.477151026445
0,-14.3181254953682,-14.0252942723005,-16.4535411297687,-13.7993737320523
1,-14.2840318168583,-15.9739965614665,-15.3065007491919,-15.1311304839333
0,-24.6616933683649,-15.3262214485115,-23.6303358027345,-16.2802744603955
0,-15.9885331839211,-14.6861088187621,-16.0850483887503,-13.3509632567096
0,-20.1236294211993,-14.2812245862294,-18.2291493054787,-15.0990140461098
0,-13.7477374653432,-21.9108245121354,-14.1273869390333,-22.2325078380131
0,-20.9768851074505,-29.3825479624343,-21.2022884752488,-28.6802826459505
0,-14.4819478912448,-20.1302965423122,-15.0012072447663,-19.2167362603169
0,-16.007768587243,-15.6732912308209,-14.6973330986112,-16.5582675626716
0,-13.8750202813267,-10.2996966419122,-13.1365912228177,-8.62695148745929
1,-14.4893498237363,-11.3503079898923,-14.4103130309561,-11.1522034328513
0,-13.0798402651177,-12.0289936448676,-14.7389970089967,-13.1986275017303
0,-16.6110915726084,-15.1494628448257,-15.8316248386449,-14.1845820111111
1,-17.143050549783,-18.4317145518335,-16.6088088275378,-18.3069561772536
0,-13.9781557624579,-8.86002930619423,-14.4392947861424,-8.52639255338134
1,-18.455251926606,-17.7317467347434,-17.2043159726891,-16.987921641608
1,-18.0859645293125,-18.58651886068,-19.9052562355696,-17.9672020396162
1,-18.6520810069297,-15.6638509370388,-18.8934688443124,-14.6040250995775
1,-18.6519481165341,-19.1254347015802,-18.8972103775288,-20.9846719433705
0,-15.0109907483493,-17.7323000299729,-16.4850038306222,-18.0156651969522
0,-18.2085410727891,-13.0274270751706,-18.7572415015634,-13.5516758215487
0,-13.7691850079717,-5.86074488608443,-14.3579107047353,-5.25137465602449
0,-16.1599531969054,-14.7093412927631,-17.2013943381627,-13.660402763062
0,-16.7766028313119,-12.7767980045973,-15.5091913243238,-12.0513853155808
0,-17.0658235919385,-17.3436847481125,-16.6441196410221,-16.9251536425091
0,-15.5816066812387,-16.1307161106257,-16.5992557908099,-15.8639840273893
1,-14.7836620099022,-7.4233028621571,-14.0877934118286,-8.13640617661078
1,-19.4445639901096,-20.4305544593575,-18.2267099540559,-19.3757419488057
0,-17.6980486927489,-10.2335382827726,-16.8352154050543,-11.9484265941163
0,-16.5991738830292,-16.0648986024368,-17.2076339274112,-16.3606199771544
0,-19.9378105666542,-15.1883981966342,-18.194303154386,-14.9405751975639
0,-18.0339250189822,-16.8012769609579,-19.1403770164644,-14.178976765925
1,-20.7743788133881,-12.5030191444499,-18.8749395079492,-10.826418443502
1,-11.6569484226162,-16.9065695888095,-14.104736604433,-16.1768983608341
1,-14.0045342944232,-1.61228060347179,-14.5958637523645,-2.06348266231503
0,-15.7451095357849,-14.744580380591,-16.3671370133238,-14.5552508308152
1,-15.8586755585452,-15.1546950546611,-15.9785116142839,-14.7261372221383
0,-19.7348063084903,-13.6168865829572,-20.6442223264304,-13.0532490019227
0,-16.3719158662535,-12.3939687114807,-15.3274783772407,-12.6363944629117
1,-12.7491719051347,-8.25701323999731,-14.2228175246456,-8.94427302917038
0,-15.7244448500958,-12.368863849747,-16.0446597976147,-14.463248533907
0,-17.3237595829994,-15.6838727856556,-17.3346576629466,-15.9991948720817
1,-15.6133614561258,-15.5272240598231,-15.9925905809588,-15.3923134906647
1,-13.8716986391286,-7.35694982674146,-13.3075010266253,-9.14413401781559
1,-16.2175098460969,-13.9205385998611,-16.4353447250471,-13.9409604160386
1,-6.50065887726971,20.6777153399532,-7.49340688960636,20.8446295841809
0,-14.2925308278894,-17.1252885669452,-16.4510766187251,-16.9907230498723
0,-78.5889543641405,-6.6543827465866,-78.7889884952824,-6.38543008804802
0,-18.6762986362693,-19.1718395095795,-19.6885221810445,-19.0771340033312
0,-18.1436235128936,-12.0101706035855,-17.3173331285369,-13.8739585664689
0,-11.2930883347238,-6.56387382300209,-10.4597877192681,-6.08638952272966
0,-16.2574089377726,-22.5822474979561,-15.8640140304505,-23.8365505698049
0,-16.6376610190338,-7.48302108272032,-14.8358896112874,-8.94834214019442
1,-13.4759693236051,-15.771497195857,-15.0111106175792,-15.3104068227027
1,-12.906074680922,-10.3681461463493,-14.879224071028,-9.42454332184179
0,-15.9525053364958,-8.91457788341011,-15.0775814340049,-8.17233756052558
0,-12.9036447328324,-4.22727538629948,-12.6526501473207,-3.6507435025212
0,-14.9304601128486,-11.9792016656828,-14.5612541063378,-9.52761512390368
0,-13.9742023489571,-7.55235458771218,-13.28031024705,-7.85162954066387
0,-15.2493030553637,-12.3613791456077,-14.6714103746205,-13.6448632951952
0,-15.6204490881582,-12.6698144313617,-16.2188282048915,-12.7494667616779
1,-65.1307034107296,-14.0903330775541,-65.5899850560281,-14.6250903525629
0,-43.3588849379734,-14.2194369097848,-41.8713325580149,-12.1523106832319
1,-18.0623532701072,-13.6879074668777,-17.024633142555,-13.7170514122732
0,-16.1340668730588,-18.6052253253007,-15.7657514186702,-19.5226467176674
0,-13.682989264701,-15.2331728702729,-14.4615985436917,-15.2863861666025
0,-15.416868583321,-10.8849916917759,-15.7562805173324,-11.5985306386533
0,-12.6166600377052,-14.2376487273863,-14.8346994696653,-12.3664710070204
1,-14.3869339843875,-9.9521191687117,-13.59373072814,-8.70328381550503
0,-18.4574187632511,-25.3472121691867,-18.0643480887415,-25.2260653453845
0,-15.5409518581998,-16.3667018618451,-17.1754822622075,-15.4157356574599
0,-15.8339780588317,-16.6968585957344,-15.7301589421225,-16.1219207151525
0,-17.0340291766214,-12.8636582114254,-16.1749198241593,-11.4974073957266
0,-18.0637919766344,-8.30835499276721,-16.6351401927567,-8.24125135844812
0,-16.079367780471,-16.5133732047629,-16.7955194034079,-16.867338437068
0,-16.4935445371283,-16.9269706834296,-16.4156821743418,-16.717619464715
0,-14.3911645631553,-14.2036479066892,-14.903888415434,-13.8605754130905
0,-17.3638899001374,-12.2490675661588,-16.67738257715,-12.8083504191334
0,-14.6867332959871,-10.2825873657515,-15.1186047835432,-9.69631329769459
0,-17.508307896812,-15.9175677086306,-17.272188706818,-16.2996846095697
0,-15.0885111030725,-15.651477296967,-15.6692130160188,-15.1937137931745
1,-19.273314691043,-15.4328384288446,-19.1443285273934,-15.66879001948
0,-18.7064554746425,-11.4117049899819,-19.7969852731036,-11.6231750291395
1,-14.267373503051,-7.35606850646049,-13.6569703889454,-7.77276427057242
0,-11.3988815231358,-0.713561234609323,-11.940415980345,0.183792753880234
1,-23.0324974670731,-24.3441750914691,-22.9207996720389,-24.9901866222437
0,-18.7320462259257,-13.8378556496839,-17.4832836048514,-13.0965971059502
0,-15.8041627843851,-18.2797596489782,-15.7938390648537,-16.9070614181234
1,-14.9990068522014,-14.1483896877243,-15.1885467972815,-14.5549453228433
1,-15.3813468098202,-7.78086553911626,-15.4839110998436,-8.87749643089194
0,-14.1180627518976,-14.3011089337847,-15.5472251367232,-14.83526381493
0,-15.3657386499085,-12.6337883210192,-14.1228405301261,-11.5980591504617
0,-16.9528409109525,-18.6010612953623,-15.657847023923,-17.2316818915941
0,-14.2401119233733,-7.62326687711046,-14.557277556763,-7.9606744701419
0,-23.0960295073952,-18.2119297319115,-24.7742805606857,-18.1321171535926
0,-18.243980628572,-14.9629163085146,-17.4033237680535,-15.7702950832672
0,-19.3918246381238,-13.3299420294533,-18.7453115373708,-13.493612775312
1,-16.2713346160207,-13.5901886100465,-16.5444613590532,-16.4584661605741
0,-15.6562680138382,-11.7704638267478,-15.7156524819696,-11.1571273665697
0,-17.7207202659792,-14.148729848065,-18.9381359292573,-16.5811144080835
0,-21.2360925288733,-17.0454260218402,-22.4360294021624,-15.8688008727286
0,-13.7692360291215,-7.6752966340763,-14.2164170363537,-7.57798852162352
0,-13.9953431153191,-10.3379923318562,-14.4918019995879,-10.0943920587211
0,-16.4785863132342,-11.6838718007772,-16.2191255714272,-11.3577536952025
1,-17.4284231394254,-22.9050409833866,-17.6696418559201,-23.9046043562289
0,-15.8536902021626,-16.2257280650235,-15.5277348912618,-15.7113646871029
0,-15.9794738928227,-16.2101055962275,-17.1596397616211,-16.9014886476407
0,-21.1384330260636,-20.6697257818401,-20.204413622857,-20.0755021769627
0,-11.5457022478141,-8.21620712262708,-13.1242629120942,-5.41459830494188
0,-15.1002194689658,-11.088499124368,-16.2308456706185,-12.0207603306434
1,-13.3299835586332,-13.4350998350046,-14.4216425639788,-13.4414908979231
0,-17.6476340557889,-17.8354440674558,-16.867972638225,-17.5348205719092
1,-15.6770219950571,-13.9959558385238,-14.4629710806059,-12.7456765763354
0,-16.0708301177017,-13.3505638170839,-16.4733411084623,-14.1757833820584
0,-40.2437468935073,-8.12651429301286,-40.2426013716007,-8.96509137162181
1,-14.0795911294192,4.75331985754577,-13.0216372810488,5.91221529687736
0,-16.9351834943586,-17.769267743114,-15.614161314695,-17.2800127164238
1,-15.2120982195498,-14.6449529207775,-14.7298177683781,-14.0805384696384
0,-15.1002507779803,-15.0295900868492,-15.3368150788968,-14.356694833395
0,-18.5922541880356,-15.06490581678,-16.6266410735251,-15.1864302477026
0,-14.9964102866685,-8.51096176821238,-15.3407407321255,-10.5366320616903
0,-15.1305434868982,-12.7513721785058,-14.9928979728986,-14.049104679805
0,-19.0869050911877,-15.6861733531807,-16.7566199983426,-16.5887418816256
0,-16.3037714317243,-17.2403100338699,-17.3027822457216,-15.747685665466
0,-13.836664966036,-5.71593763282454,-13.6063332661815,-6.93708989954341
0,-14.4223747150857,-3.48122296265379,-13.9210429542304,-3.11323079797004
0,-15.0941674348039,-16.3514566969046,-15.876994093637,-14.5226235139952
1,-20.9373349941401,-12.0398010829344,-18.6000258030464,-13.5994133535652
1,-15.5482267574989,-17.9419872077349,-14.9451622655936,-17.7036348688936
0,-13.641528609865,-11.6924891620768,-14.9663259977387,-10.2914028112995
0,-18.7747706317903,-14.9635067379851,-17.3577407619294,-14.170461114853
1,-16.1786826943647,-13.7239206200367,-15.5453789543486,-14.0404037773256
0,-16.1433692084737,-13.301119812637,-15.7066747391378,-12.6748868128043
1,-17.2050951692056,-13.042323237256,-16.1675713898108,-13.4139102527654
0,-13.3469843045611,-11.163668664231,-15.1350407017211,-9.68536995884687
0,-15.4255790681327,-10.892304974011,-14.2090167190347,-11.150246374375
1,-17.7461366986644,-19.1088197792555,-19.0231594294548,-16.9961747963646
0,-19.5730269630306,-10.4490824656082,-18.9908348375649,-10.346921619222
0,-19.7522928303523,-22.3409336644122,-19.2663374695471,-20.8513441520233
1,-19.6786960150487,-17.6468321883225,-18.1215879376241,-17.4831519509928
0,-14.2701912228671,-8.82397870441792,-14.3152379840285,-8.32990822020179
1,-15.123086571482,-19.446689138637,-16.4420222150614,-18.4049482759063
0,-14.7026071622103,-9.47514717047958,-13.9175038086566,-8.35016824341009
0,-19.1724953849008,-15.9251097813645,-18.1692824525489,-17.1689716730026
0,-20.3654473972356,-10.6865108221395,-18.1511146360399,-11.752465006316
0,-16.3730199089402,-17.5289794171883,-16.0627255639855,-18.6554154041349
0,-18.4365689646196,-10.9873384997556,-17.8421112066167,-11.2194893959795
0,-12.5160608564559,-10.7969606247535,-13.3549384833197,-10.1155204526611
1,-12.602679374952,2.11830766709772,-12.960184240163,2.15772634930849
0,-13.883395274344,-9.8808245140322,-13.9704709608428,-8.53398366535124
1,-11.9030015770477,-2.38305482264759,-11.788454939237,-3.26123304210279
0,-13.1333563551803,-7.56085107494524,-13.4533378099508,-8.13038660794405
0,-18.8499495384629,-15.8715049865387,-19.2626297704864,-14.4340326359969
0,-15.7116137406544,-13.103181188258,-15.3015872349381,-13.2709842705908
1,-13.6444030109092,-16.2132421887947,-14.6315123077583,-16.3966472499313
0,-12.6686491613026,-10.4014528260921,-13.0151866312164,-10.378334123959
1,-16.95829584524,-14.223903079358,-15.9781163539675,-13.7913666327516
0,-15.6265984817508,-13.2602686263324,-15.0361016615666,-13.8155717188985
0,-19.1789827732197,-18.0500124293895,-18.0400240495605,-16.5022476796678
0,-15.5978380013586,-10.0504148338149,-14.3044906747282,-10.5948712436141
0,-33.3865641132085,-19.0010364932994,-34.0549304283403,-19.6925803954761
0,-13.078135496672,-7.11130525730393,-13.3625388804242,-6.76117374955795
0,-19.6789773283705,-12.3395916758334,-19.6235224330647,-11.539261152838
0,-15.9879724988241,-12.1041341156102,-15.3522961266207,-11.2895250880323
1,-16.4441678609932,-14.9961250563809,-16.4443216031264,-17.018481953923
0,-11.4213222169855,4.53501520274001,-10.8537474809529,3.8795809903816
1,-14.4288653293697,-5.47896111701821,-13.5794480100261,-5.21971535783669
0,-52.1786239040564,-6.3849587766533,-50.3330586279864,-4.96825988890589
0,-15.4379119823761,-12.3055919078568,-15.0114666445862,-12.4409599466567
1,-14.9413735358791,-14.886327052312,-15.1727433147786,-15.3108984343746
0,-16.5832906965853,-16.4240907720155,-16.9539173747713,-14.929526049573
0,-21.3392986818548,-17.1681533252553,-19.8006807085152,-15.8023513558279
1,-12.0821064426843,-7.8982242289976,-11.6132585858761,-8.54120055857844
1,-9.71528772548112,3.1478273941255,-9.45511591932762,3.28847026768901
0,-18.2723074027917,-17.6429623216183,-18.6395495240342,-16.7619962482944
0,-14.1922462029156,-14.378026197233,-15.7468192748007,-12.7162200515805
1,-17.6390260153205,-17.4658034966989,-17.4248162335464,-16.5714873439687
1,-15.9806401380449,-14.2497792701149,-16.1024804603106,-14.4736772542379
0,-14.4165605465165,-18.2894769178045,-15.2022060421172,-20.0407321830077
1,-16.6169264582558,-13.8571638726181,-16.5272058208353,-16.0925257500663
0,-14.7648865394483,-20.0902551160632,-15.3355570287459,-19.9957282385927
0,-18.4558376579855,-14.2977155661202,-19.0448645443317,-13.9930690936944
0,-16.5703324813198,-15.8904438057847,-16.1482607465799,-15.1405768480181
1,-17.7935402610927,-18.5541404897278,-17.1109065334476,-16.8709133703484
0,-16.7269923662982,-17.0795934472983,-16.1579097945199,-17.3100778536603
0,-13.4767472015601,-7.03559095972206,-14.6693138609671,-8.2739375890566
1,-15.6191539939218,-18.1386184769707,-16.2701550504132,-17.7944950970175
0,-17.7069477046113,-15.3783067162341,-17.3406047744876,-14.077400245165
0,-19.2266799145726,-15.5612102511942,-17.4586284498113,-15.1344434521986
1,-16.1920226853522,-10.4117787454412,-14.2663439595194,-8.55474633022121
1,-13.8733986569808,-15.4011209872254,-15.0116570583146,-15.6466490422625
0,-13.8029985994241,-18.9085927533794,-13.8944245686548,-18.283432205136
0,-15.4933634218083,-17.7370888933798,-16.5211438884585,-17.6413128969982
0,-13.8845059351375,-9.94898369291565,-15.0013685127824,-10.6075049310714
0,-18.8397390878515,-20.0376330684844,-17.9376908729465,-19.0441927496923
1,-11.5027746748106,-12.7960586622806,-12.3416944340216,-12.4100608388697
0,-14.3830280800121,-18.8951528312845,-15.1553027979088,-17.4846301532057
0,-18.8755109960506,-19.9318894755504,-17.4532039831843,-21.0804146992079
1,-15.0740316758497,-13.9009459652733,-14.645746963187,-13.5528310302236
0,-16.3639845077464,-11.4188294233159,-16.099822780714,-12.5474650353195
1,-15.3594657677102,-14.1418218001607,-16.1402322641309,-14.8999314902644
0,-14.5560687742191,-9.88646619086086,-13.9398995195459,-9.85696599285079
1,-15.6513786556046,-15.0204139157784,-13.9214358602199,-14.3996201778418
0,-13.1719082653579,-21.1121254481495,-14.3934466997941,-19.8689914412868
0,-18.455896801208,-16.0322511110487,-18.3189296630303,-15.7921556670329
0,-15.1085693313814,-15.8453926381889,-14.4951002861562,-15.6502396859556
1,-15.6674748617513,-9.31476486339495,-15.3074560032858,-8.67831131424647
1,-14.9115409931079,-8.44442779830759,-15.0877223096308,-8.9343877667168
0,-20.3739775869512,-17.1760382055887,-19.6272624111585,-17.105109387109
0,-15.1456503147108,-14.932718890638,-16.5825877088912,-14.5577514629357
1,-14.0443580873766,-17.1244312160628,-15.6825708609482,-17.2723892288247
0,-17.2027110193056,-19.3408035829304,-16.6643107088812,-17.4839636247247
0,-15.1154343765533,-18.6635713863058,-16.9128290464023,-18.8436800343689
1,-13.793167235426,-12.5980095043679,-15.0531129633542,-11.4901450746819
0,-13.2090419383809,-8.40996351491494,-13.9001873371792,-8.39462044840884
1,-10.6829785850201,-8.04536373128823,-10.8860686267665,-7.59553625840029
1,-14.8712103168034,-15.5248383207393,-15.6352096528549,-16.525454037806
0,-13.21581214492,-10.6411659779803,-14.267130705473,-11.0719519637661
0,-13.8843405513352,-16.577005913889,-15.2974192640063,-16.5750791525081
0,-16.8343061763896,-16.2497110384549,-15.5147425905693,-16.6891299277482
0,-16.9906830983717,-17.8589025211858,-16.730552002114,-17.0279593458335
0,-17.9850584319578,-11.2406887859917,-18.0609496371096,-10.0383284506388
1,-16.2723226136075,-12.0883241444587,-16.0151815986237,-11.7355350800921
0,-16.7952390345071,-17.3529440268469,-16.1668683743692,-16.936235945048
0,-15.2604472928331,-12.9710485009528,-16.121010943926,-12.9285588977749
0,-16.7798881668432,-17.0731755211267,-16.8110405273994,-16.2457547049175
0,-16.4419163251845,-15.6890926470779,-15.7572695193586,-14.1736273749662
1,-16.3856182004897,-15.9124718326183,-16.5947351397778,-15.6284612036727
1,-15.1828112417394,-13.788082271713,-14.2484044340844,-13.8672508895202
1,-15.9455426322625,-13.744422694558,-16.2715638674601,-13.6175100674969
0,-16.2146907285059,-14.6731133442788,-15.1080361276395,-14.1607373468246
0,-18.2842117313047,-15.4785580402739,-17.875127970355,-14.9916519007239
0,-14.2991936242288,-12.8320762695915,-14.9253903712358,-11.0215032252175
1,-15.4063363588811,-13.9560432412613,-15.2994237427823,-13.3973379175206
1,-12.2769180700355,-10.6996328751135,-14.4163275835833,-10.6043958169548
0,-13.1717884729599,-10.1896125901399,-13.4252499315059,-11.3562890232553
0,-18.6250720068141,-15.2600506322064,-17.6686356802634,-15.8402269805238
0,-14.762554285628,-16.1677420358605,-15.1290264247342,-15.5882110717332
0,-15.3191796774245,-16.5800730813486,-16.6064821995557,-16.2904279045498
0,-14.7326463674838,-15.9250563880936,-16.0509964911355,-14.7927032680478
0,-15.666153561467,-12.5205560909545,-15.6175295209005,-12.1910941481411
0,-12.2753739935975,-15.1854111992674,-13.4667082533383,-13.8848530363467
0,-12.0367000908074,-4.43533269340335,-11.4990282010555,-3.75630377704176
0,-16.5238217827334,-13.1101105011706,-15.0725650449219,-14.8854581447747
0,-17.8019862542828,-15.7909895479508,-17.5367213106091,-14.9253231012369
1,-17.8003676055089,-15.3851040131027,-17.324426154666,-16.0723953968729
0,-13.6400795650932,-17.0846406238606,-15.4537767972223,-14.9520184501866
0,-18.7884915175602,-15.4414163424381,-17.456599925657,-15.7346200187247
0,-16.5528824336981,-18.6527456600687,-15.1521513539456,-19.1081584138835
1,-13.5132427885701,-14.9607380189347,-13.3657640937299,-15.2384225603284
1,-13.8409282387186,-5.15858981072932,-13.3325543621905,-6.42466270511821
0,-16.4683576866047,-16.3711250216291,-16.2058914947506,-16.9844952016992
0,-22.0616374493058,-15.7416208283155,-23.7709386952944,-17.218346552592
0,-17.1110741656989,-18.4670187693415,-17.000515014053,-17.7605644587835
0,-15.4734742783583,-16.1942873416493,-15.3309805552116,-15.505301065314
0,-17.3818354991673,-15.2416544038093,-15.5878644315783,-15.8238165514274
0,-17.5249630910257,-12.2376276320406,-15.842660081802,-12.1695963255047
0,-15.714419526907,-22.3849098492914,-16.1904885563839,-21.2665683497528
1,-15.433016867095,-11.9985914808293,-16.0247203342044,-12.1328077706316
0,-13.9991660325736,-17.4892652360772,-14.8547333000154,-18.7972123690269
1,-17.9448715093332,-15.4371498497337,-17.7870617970147,-15.2683562623112
0,-16.6699874877533,-14.9384661967402,-16.6730594894896,-16.3621310980382
0,-14.0120340159179,-15.3950597213289,-14.0873111240559,-16.2334873608695
0,-18.4408648563644,-16.0769615657118,-16.8109910592133,-17.9518091146288
0,-15.5440033869105,-15.3336921254459,-16.1377089898484,-15.8518002734011
0,-13.1046856488124,-6.22353939585454,-13.3941447149103,-6.96208264541245
0,-16.9167991751227,-17.2072288444466,-16.2493024362201,-17.2836187933208
1,-24.9817701848783,-13.2642604501469,-24.342071605986,-12.3817477335843
0,-14.6714859912416,-17.3154248744889,-14.6384157561327,-17.1585777719928
1,-19.3501426462863,-18.0764632022856,-17.9329897751358,-18.0738945926784
0,-16.8419039294479,-16.6598161048048,-16.6816530967164,-16.9310077943057
0,-16.6227029157117,-19.7469731460714,-16.7638670110753,-18.0350538228081
0,-16.3040331809692,-13.7492451766155,-16.5693105592192,-13.4902732140703
0,-17.0336313139694,-21.7047611036055,-17.0466803412807,-21.1499330290604
0,-13.844369840643,-11.1425748580895,-13.736551253714,-11.6441814694185
0,-15.9380989033947,-15.6857133937837,-16.4937925025889,-15.4467011295744
0,-14.9850287011521,-13.3575474412513,-15.6526425397499,-13.0464077036444
1,-14.9939764643799,-17.2373822514326,-16.2196765733775,-17.3012503557053
0,-18.5742144304928,-18.4530460362686,-17.0768513976845,-17.9157106896553
0,-17.1019948620478,-11.9052414691467,-16.3591858839833,-11.5178922440279
0,-15.3056187512652,-12.6725985697588,-14.7385732423019,-13.6975464287984
1,-15.2353422602298,-15.3623854839455,-14.4989436178793,-14.8738026484897
0,-16.0924558516895,-16.9047691469075,-16.5034172470007,-16.8315217357962
0,-14.3890736279538,-18.1634829195114,-16.2970739882543,-16.9012397916475
0,-17.3689944437117,-13.1108592340007,-17.1759212267096,-12.9252525997089
0,-15.5912346710171,-14.0907119348789,-16.0184108292761,-14.8670336749731
1,-13.9739323102061,-16.740358710725,-16.2196023441764,-16.4017562761225
0,-14.8970297534463,-16.4071869314246,-15.9831552042044,-16.6435946432189
0,-14.9793691071709,-19.3698501441257,-16.2574963345458,-17.7018990579238
1,-18.4139429386828,-12.2306111006265,-17.825951767546,-12.888849779142
1,-14.3648655885809,-7.78029389478695,-14.4111322137194,-6.48994969468353
1,-13.3628943661696,-11.5997439119203,-14.1573298308642,-9.20724457629301
1,-13.9988230874601,-5.31248512200515,-12.3704406613963,-6.91669234658516
0,-22.9105003435893,-14.8684072377346,-20.8391641576904,-16.1943961824904
0,-12.555959424041,-3.74725666566909,-12.5234878873761,-3.65946530013476
1,-14.2167517305097,-8.67302764100273,-14.3535536479029,-9.33747053347868
1,-15.4466524552066,-16.779699095525,-16.8435684631796,-16.500272207198
0,-16.7703846410481,-14.5760266740325,-16.7241067079237,-13.3569181587487
0,-13.5189026569738,-7.41174764595704,-13.6528111583656,-6.94908724135298
0,-15.471873548184,-17.2327127407352,-16.0500675402536,-17.8744966645768
0,-18.8074470067771,-11.420373900189,-17.6073586686737,-12.4018558483042
0,-15.3880237341287,-12.0891820538701,-15.0686035489515,-13.1867501139499
0,-15.8982546133559,-20.1890518939936,-16.3704118009296,-19.2100492097142
0,-16.2436261351553,-15.7800143014213,-17.1992436515666,-15.7787532999316
1,-17.4824840119883,-14.4285674097884,-16.1859335584025,-14.7945122935049
0,-12.2356931165551,-14.4920262223106,-12.8618374876379,-13.8464726912708
1,-15.8672664041782,-17.0683685345129,-16.0233174697449,-16.8198089365445
0,-16.0826471040886,-8.81762905425355,-15.6186384064418,-9.83234956175938
0,-15.0431734162007,-9.98364100204791,-15.2062671828556,-10.02115806854
0,-19.5420153584876,-12.9198441654475,-19.7222022405623,-13.6943804900404
0,-9.79321985532101,-0.502747127445757,-10.7995347430576,-1.02792173973003
1,-14.7854848513178,-16.1226695284136,-15.9608843415646,-16.9698054028958
0,-16.8656501254004,-17.3772969368837,-16.9145083721616,-16.9145620721908
0,-13.7263842997613,-15.8138726426237,-13.9904421596683,-15.2505926564471
1,-14.7429177231168,-20.7098627373659,-16.4091943953685,-19.0858672925424
1,-11.8761566747402,0.695212704626444,-12.6421534605216,0.191200342558536
0,-14.3619678469723,-6.95848886019075,-14.503582544182,-5.71858166344671
0,-16.7757097556785,-20.0347309362405,-16.429104645363,-20.886292686123
0,-19.6510055760497,-17.9297540793125,-20.2523484665677,-18.1590625803992
1,-17.766363495986,-13.9837708135814,-17.8745288102477,-14.1636832868446
1,-18.1242181111565,-15.7622897218962,-19.287119560526,-15.1906828061283
0,-14.6452451910084,-13.1552185347408,-15.0002971056459,-13.1477992107303
0,-17.1170355125973,-10.5279445821374,-17.9610180876128,-10.7844081735804
0,-14.5694434536605,-7.13983532208605,-16.0524639497585,-6.88374633492197
1,-23.8973000371366,-14.1930561669859,-20.9115313257001,-14.9093647090852
0,-18.2282625579989,-19.1279718150172,-17.667986210983,-18.4814825066163
0,-16.9030716183864,-16.7757608222163,-16.9809928180912,-16.2412663302258
1,-19.5592597259919,-16.1142956473367,-19.8910165536725,-14.5172564682555
0,-14.3913178465329,-17.465706132235,-15.1159732964698,-16.1173293970596
1,-15.3724785310498,-5.34101799949638,-14.7491858085859,-4.0165592114478
1,-15.8008195451678,-12.9065272266767,-16.8653506868588,-12.599926036541
0,-19.0712776465539,-18.1134344298628,-18.4176621165849,-18.4385982866326
0,-18.54848048609,-15.1208569052165,-17.9079828312272,-13.9004186184225
0,-19.3485379326113,-21.9954700479048,-18.259207566108,-19.704135444764
1,-47.67802176105,-12.9111394181896,-47.9793353695506,-15.2629150465634
1,-22.2605795614979,-13.1587609841329,-21.9902760739978,-13.5581517934648
0,-14.2254992287404,-3.2930158018644,-14.0669539648071,-4.91130718094226
0,-17.6862022875577,-17.9176640012136,-17.2110169129903,-18.5328149567197
0,-17.1039614301847,-11.6156387621567,-16.5931892098095,-10.8900577407878
0,-15.919219390518,-17.1256630823985,-16.0281348099553,-16.1060751981595
0,-15.6376114285146,-17.339111682826,-15.5536572711434,-16.6729306261311
0,-17.0157722820289,-16.8618998175049,-17.0215414565466,-15.6371706285468
0,-14.5933251389111,-7.63298575074178,-14.9979663287544,-7.87093924297331
0,-15.8998842801311,-11.7562181290593,-16.7453680510847,-11.7083062088446
1,-17.7590632916627,4.16983457464068,-18.4422565057022,3.23299597822406
0,-22.50779308178,-17.7658431643492,-23.7872982262095,-18.5573048213526
0,-14.2449663811394,-6.84791382323097,-13.609113244086,-6.38399122108188
1,-19.1275433649341,-19.504651277975,-19.4426388956938,-18.918252067561
0,-12.5713598147206,-9.63879751217211,-13.012655135182,-9.59042335500009
0,-14.8470574002791,-19.9971421416111,-15.6631873616992,-18.4650715531403
0,-12.7112351827456,-0.0274575182228711,-12.3709784224317,-0.587196231319242
1,-16.2039782610442,-13.4826467159594,-16.9602868753394,-14.6098216719625
0,-16.0434231744946,-11.5247276326201,-16.2317123401483,-11.1061764950685
0,-16.1911778839424,-11.6625986701183,-16.3726997507975,-12.1149840918266
1,-19.3112224394756,-21.4747910302224,-19.469896126075,-20.5886068336985
0,-24.4853537174429,-17.9903064493471,-23.184235236023,-18.7076755443246
0,-15.8732794683815,-7.90898624864599,-15.482683389593,-8.58009216364605
1,-15.9369422198507,-10.1571964796721,-15.3541549114565,-8.86814299196588
1,-14.7944774620945,-9.66232123319636,-14.0160075796619,-11.2741075124547
0,-16.8687558489533,-21.2013320936929,-16.8824676445923,-21.4488711833917
0,-19.3218619438492,-7.07753822892864,-17.227298985798,-8.16782474939281
0,-17.6733305595248,-14.0317328357335,-18.9834372535946,-14.4846211645995
1,-16.1794260764217,-6.09816081001437,-15.6222673341047,-7.51522957880847
0,-5.56916881889281,10.688394270191,-5.50826487806161,11.2754256014664
0,-17.0779717007957,-13.9301363415617,-16.2178727584187,-13.9574837009621
0,-23.139948897483,-19.5831805357513,-23.4213298460926,-18.7582488615136
1,-20.0121168819711,-18.4654916260589,-19.6233510649044,-18.9112991834773
0,-19.8496789705069,-25.635188347941,-19.9554870691312,-25.1256504726892
1,-19.8436523056542,-27.0658346105277,-20.3800403533051,-27.1472578877945
0,-17.4533513485473,-17.5063768055997,-18.0709157999635,-16.3089756982729
0,-20.5950257510077,-13.9111845054348,-19.5683281502012,-14.0179403464518
0,-13.6921100560685,-13.4055134575409,-15.7011410923577,-15.0921605609269
0,-11.7676204360834,-2.95187633192099,-13.2834228825185,-3.68862920154914
0,-16.6924436368115,-14.2080110864129,-15.4212955612221,-13.7207878821286
1,-14.9862861350347,-15.7282340715215,-15.8086124655753,-14.8426376141151
0,-18.9293817242633,-14.9595043797243,-19.7765434492565,-15.4485703737155
1,-12.212624093239,0.532506097478919,-13.0246356683055,0.268259657126463
0,-23.1199790782011,-19.0232180536267,-24.9087317233511,-18.1299942695229
0,-14.0931164861759,-15.0491593034443,-15.322812116079,-15.7006727156382
1,-12.2963624202001,-5.35523994682688,-11.7701053979857,-4.61547291810735
1,-17.6138902514394,-14.9604319934554,-17.62680054951,-15.9147208972622
0,-15.3840637605678,-18.0924562573415,-16.1218655416559,-18.3522876273059
1,-22.2752160052707,-20.5089593159646,-22.3612911958168,-20.731141039661
0,-16.1146938217858,-18.0511638815215,-16.6072203124435,-20.5865539486955
0,-17.11049191059,-12.1674430081955,-16.4413021944453,-12.3697256102497
0,-22.3964818849095,-26.397913471427,-23.8761827616145,-26.4162597134718
0,-25.9140486720017,-29.1821187809503,-26.6374584205827,-28.0405474926111
0,-23.3805206512305,-18.2516415869039,-23.4761464179961,-17.8923291685346
0,-17.0234435949506,-18.3468233210442,-17.4744826323798,-18.4896154356269
1,-12.8663446232357,-6.54323705575752,-13.9900178194401,-7.44946851190369
0,-16.7006238748267,-12.9706664080331,-18.0434375481954,-12.590799505317
1,-16.6706958716857,-16.2321294808723,-17.5733082005316,-15.2220273221543
1,-14.9492514453985,-14.1150625207242,-15.7615811387168,-15.3255390973595
0,-17.4841152219503,-15.8160113684406,-17.8276871883521,-15.4051381710616
0,-21.2193719481532,-18.4334690641936,-22.0370711916416,-17.9745909931239
0,-15.0047886077857,-7.18085443207476,-13.7752214849769,-6.60248659418427
0,-17.0803992458709,-11.9938831911272,-16.117652991844,-13.3678650743697
0,-18.3739679942326,-15.856439277969,-17.2897307521994,-15.3895870373083
0,-26.5023646742573,-23.21618726779,-27.0914585621339,-25.781239831272
0,-22.7737341440507,-16.4471101246017,-20.1777421692855,-16.7752363021181
0,-21.6100096017168,-16.5558478745263,-20.3959887142298,-16.8276855636582
0,-17.1896491220823,-14.6654008648677,-17.5875366604757,-14.1868314290516
0,-13.77349534868,-9.04533564213376,-14.8402522823256,-11.1849794377334
0,-15.7298698568323,-13.0314560175204,-17.3886552397957,-13.2114898648997
0,-13.5691915005738,-14.1519263079529,-13.1879962715013,-13.1132825713721
1,-16.2306206388556,-15.0989782124049,-16.0014070212793,-14.4881347483466
0,-19.2013053370729,-15.8069847279681,-18.2214248593875,-15.4828472190787
0,-17.1921477320172,-14.8567978040916,-17.3792761433807,-14.3750322613855
0,-26.4296248867195,-13.4314409751519,-27.4637442116495,-15.1107627630478
1,-10.4276700666184,8.57777526849857,-9.33978279214843,8.89763027550758
1,-19.3527077746233,-14.5272457296367,-18.1369324176089,-13.2172383914418
0,-19.8570414556601,-14.3894939743968,-18.3879622670735,-13.8291758065627
0,-17.5789356046909,-16.3948846651402,-18.0111852617861,-16.8359634967005
0,-20.2998819325402,-21.7348113356695,-18.4011219203652,-21.3389200623327
1,-18.1300992315873,-19.1617055699629,-15.8052596982849,-17.9721847855276
0,-22.0462929030423,-15.2543712220999,-20.4049957355972,-15.5915056552906
0,-22.4493988336269,-16.0781769013037,-22.8655540568127,-17.9017765135596
0,-17.9377181495149,-14.4321576066698,-18.4960777056388,-13.6354225894452
1,-11.7736970711231,-6.7891130418547,-11.56312004538,-5.59100738085988
0,-19.0750305883638,-16.7815158308565,-19.0538337373158,-17.4938656177143
1,-19.7719568100379,-15.0119617639524,-19.9258634340886,-17.2939016665428
1,-16.3706338268587,-16.7099450162616,-18.6251944447024,-17.073437330487
0,-20.0391079888945,-20.859554822991,-19.04729253975,-18.7207811725965
0,-20.1860646348051,-11.6021794432553,-20.7230447128134,-13.013923132652
0,-17.9351426673866,-17.7870674657915,-17.769881005304,-16.2465532592146
0,-15.0539380051111,-9.67392213650765,-16.0309586458794,-10.2614767569224
1,-17.5152263686358,-15.6494759625454,-16.7707915233123,-15.3956418637595
0,-27.7568148625971,-14.7411151497103,-27.2264245535856,-14.6364405068782
0,-18.3499657609219,-11.2688835647101,-18.1112319396301,-10.4500040616349
0,-17.0943699302576,-18.178838545967,-17.6660486910091,-18.0938898510624
0,-22.7153451151597,-13.6679123791766,-23.465264899223,-14.6229054839649
1,-19.322673531792,-14.774620832548,-20.6056993429941,-14.9491455180196
1,-19.2788240824133,-15.7461331575524,-20.0574380216958,-14.0165655286159
1,-15.1394378973917,-6.47696525265418,-13.5624682521293,-7.58817352910085
0,-14.4394216655388,-13.5924698464581,-17.2911575212913,-12.034337321138
1,-10.7496593840714,1.59538052820294,-10.1283020862808,2.43020617011677
0,-20.2342077655889,-24.7649193265278,-18.4950336502418,-22.332679413681
0,-20.1576520458656,-17.0100578770994,-18.9894504519067,-15.0663759336948
0,-16.2559568051101,-17.4779655503573,-16.2267196986346,-17.7381017626553
0,-16.311060763757,-10.0273301879136,-16.3975446029246,-9.66454771530478
1,-21.1936675621285,-18.2441575671034,-21.2116353454142,-18.4606880759974
0,-17.9501353056223,-13.0883292630999,-17.6912788252604,-12.3876561172457
0,-20.2722959220761,-18.4342866041853,-20.2301246476745,-18.0255445833613
1,-19.621888806182,-14.5540696438471,-20.2050108171144,-14.4392946648193
0,-16.9602119090089,-19.854508053903,-18.405593772948,-19.8964089636099
0,-15.6809588280304,-8.81140701047604,-14.8364924884519,-8.94933998466795
0,-20.5590465393837,-15.9824133998135,-20.5582816963554,-16.3179165012034
1,-11.2058856596016,2.62115636265538,-11.1994857197153,1.93021219998507
0,-25.322251975369,-20.437377686536,-24.0246482518709,-22.64656075973
0,-17.8243600452638,-15.4602791898554,-18.2582411192005,-15.169073106184
0,-17.1053539597928,-18.2312417834572,-17.9085454484576,-16.541016129684
0,-17.6307155927458,-11.1352964290398,-17.5607640413671,-10.9734416475906
0,-26.0185752623076,-13.9540716563631,-25.1497853001036,-14.3899378174045
0,-14.31455063963,-10.6664929861699,-14.3258522652461,-10.8533737341361
1,-12.3204324404833,-1.68938922559381,-12.337615600687,-1.65264664994411
1,-15.518532262861,-7.39682153772255,-15.7333644945481,-7.83467268300061
0,-22.3417697848922,-16.3713308941606,-22.2187388177671,-16.4603952185491
0,-20.0339477527141,-13.9321155251183,-21.8224721380115,-14.3577656428176
0,-19.9245879039192,-15.1874145578175,-20.871961238238,-15.668386856979
0,-20.5580273783936,-17.2846264970816,-21.2554280039581,-17.6038063984978
1,-14.9807558767763,-2.86137562210539,-14.2667213834873,-5.66090868358634
0,-24.9675620012773,-19.5756894905664,-23.6166925401669,-18.0668279955967
0,-16.6703409198462,-14.9187205643844,-17.3184722130779,-14.3296926423245
0,-18.0306831278016,-16.3057570844482,-18.8280646670847,-16.4616833779568
1,-15.6705377791156,-11.7924005875946,-16.7691574934168,-11.0975236673331
1,-17.0824892280377,-10.0123302580304,-17.0706207972136,-9.19070543813631
0,-20.1688256733823,-21.7504988955621,-19.9042183096182,-22.8647740322197
0,-16.5857755277052,-13.8360464024486,-16.1518213836371,-12.9993150471091
1,-14.1396596389045,-11.8771268237074,-14.6520177808369,-11.7699234200864
1,-19.57471503537,-16.8029023630645,-19.1068839490642,-16.3766765028128
1,-24.6657833953062,-27.3653320593109,-24.1718768065187,-26.7938383641734
0,-27.8963662409779,-31.5228486687678,-27.0976349051447,-32.3017395450316
1,-17.5882085114956,-11.6857276317146,-16.6883998486684,-13.4764610268839
1,-16.5063796134078,-13.9283807995883,-16.5948513006731,-13.3001533736227
1,-11.6048928149924,0.959582172624454,-10.2368069687734,1.55454607305223
0,-21.0692233204021,-16.5981590588263,-20.2839294600758,-16.7026766786218
0,-14.2485611602686,-16.8381398753818,-15.1138978335622,-17.032783200908
0,-15.9440510731544,-11.1949046722767,-15.9628193432915,-12.2363742682594
0,-18.6859595240977,-16.4963646467304,-17.2785988648841,-17.0615809913697
1,-16.8408314314779,-13.467828548706,-16.699457725024,-12.7914602412565
0,-15.8039818489539,-16.248765508888,-15.6800119080288,-14.966887549971
1,-16.2827907185365,-8.11189365590607,-17.3661282421091,-9.03026814950893
0,-16.2244897746014,-5.19252276243109,-16.4268927353449,-5.66897438128231
0,-15.1280806170589,-15.364657855869,-15.9370392393768,-15.0524645933763
0,-14.5262740068825,-11.5330448075936,-14.253754148954,-11.7750081789462
1,-14.0075212389768,-8.08288146806929,-13.6835128284928,-6.46823277099801
0,-16.0954201862656,-16.7457953318312,-16.4104584312872,-16.3780468641583
1,-15.30118845367,-13.5372701737346,-15.4669285037753,-13.0465411725198
1,-14.9912815873201,-13.9823405817182,-15.9808877032607,-12.6702440414573
0,-13.4333087627119,-10.1995703156284,-12.7420572173567,-9.86571340221756
0,-21.4631167602996,-17.9148680520057,-21.1548159787769,-17.7114441795292
0,-14.8782037723837,-10.3868907878952,-15.7092082909343,-9.83991627207658
0,-15.0635258977043,-11.0592605890131,-15.0348045952123,-11.0781787589338
1,-14.6992889871317,-9.31164167297676,-15.3001107133296,-9.27467008894598
0,-21.4682588868453,-17.0875916344045,-20.176664039661,-17.7895841671859
0,-17.9345489042243,-15.7546030883608,-17.4299348769579,-14.2733667764249
0,-17.7363871057512,-9.74740152085626,-16.0283945590892,-10.153220024267
0,-14.0612365617814,-7.9896932208502,-13.6889633841347,-7.01218732908492
0,-14.2701827260256,-10.42991198197,-14.4448152709124,-11.0503615401069
0,-13.8075072112099,-7.64694381739648,-12.9389459364581,-7.68021339188101
1,-14.3774997193494,-12.6639518097911,-14.9960486378881,-12.4090668607161
1,-17.3074819690888,-19.5166840126142,-17.8501257170568,-18.3091080647982
0,-16.8180390462613,-18.1936509847246,-17.1601557637348,-17.2177653150103
0,-15.2675608895301,-19.2115459267671,-15.978547350565,-19.2118854850624
1,-18.8877838243789,-11.0343100726479,-15.4386411284587,-10.3597072400035
0,-13.4339940378663,-9.39289162708203,-12.7286640115064,-7.42490537497536
0,-16.1056629925598,-15.5071919793626,-15.5660598518286,-15.2472811161118
1,-15.4628309529631,-13.8988903259309,-15.3738521118036,-13.1619666776403
0,-15.0012492889704,-3.43072082156109,-14.1903884875544,-3.97219388516979
0,-16.8985374934696,-12.8190425696216,-16.8367578540055,-13.3622587332349
1,-19.0649372423518,-15.7743845186781,-17.7708701212976,-15.1815815651807
0,-16.397948657912,-14.651688872174,-17.7304332404016,-12.6783795643706
1,-14.9261913271464,-10.9052433632235,-13.7922793534186,-10.7425010288671
0,-11.3937264147448,-3.22391686308565,-13.1010677882543,-3.93499786515676
0,-16.1309007647207,-19.0392657640739,-16.0215901017637,-20.4867366983858
0,-15.2970049194959,-10.604217677662,-14.5459016779572,-11.7685858756703
0,-12.8400819366863,-8.25154184042846,-13.9830929612827,-8.65674032493312
0,-14.0623087072841,-9.3527661289885,-13.6156388369958,-9.94871902915935
0,-13.7184607240015,-11.8067383170707,-14.5450889183148,-10.9249261890218
0,-15.8893319775145,-9.67525641134758,-15.2379425652165,-11.3624594613123
0,-17.6232086636723,-13.8602260985578,-16.1947781538141,-12.4970827040839
0,-15.3110069950559,-13.8721427420686,-14.5968482583367,-12.7902150300387
0,-14.7399773019016,-15.0154835109178,-15.1502385418717,-15.1428756894528
0,-10.4489182712352,2.42533764728187,-10.3030158269749,1.23839163223514
1,-15.487627110441,-7.36566219427113,-15.3415933024894,-8.47124040857534
0,-16.8089977038256,-7.61474014038588,-14.5026990662538,-8.67368698996389
0,-17.1400964460464,-11.6767001358085,-16.881867583078,-12.5046639515855
0,-15.5871804862875,-13.2617013044622,-15.6802161069673,-12.8206683029198
0,-13.4511536043458,-5.95975986431341,-13.6059381976118,-5.88114735931277
0,-14.9035652426211,-15.971658238741,-16.2799519157185,-18.1291926089022
0,-12.8674228471977,-11.4213550047528,-13.8496191723167,-11.2330349468454
1,-17.0604701820876,-16.6333916898811,-15.8639687007624,-16.7236682004016
0,-14.5658926941012,-11.4654607080362,-14.2122938849447,-11.9719503316936
0,-17.2082835055724,-12.7517800110557,-19.0740636529092,-13.3789023686719
0,-13.7904489302656,-11.015659596704,-14.6696174881907,-10.1182306492189
1,-16.9123773053895,-11.9329034501048,-16.6645028569582,-11.5671270973519
0,-16.38014423693,-9.85880973649869,-16.7793254000665,-10.9361393917515
0,-16.8175150216452,-17.1773499385421,-16.3023337989064,-16.0531856457124
0,-18.6721058744224,-13.7921724358228,-19.0223700663092,-14.405724129609
0,-15.1428318111745,-16.3653377008252,-15.6529812809096,-16.0299086102841
1,-13.0600422644441,-7.21668348757434,-13.404856867329,-6.99193281820184
0,-15.6738222829805,-14.7217783241626,-16.1224066319108,-13.5061416234087
1,-16.1517741638441,-15.8111820446197,-16.4054775066362,-16.2405206318824
0,-13.7310698087289,-10.1100222441952,-15.3898636028754,-10.1579622155461
0,-16.2541951954598,-12.1046451177882,-16.8070064529476,-12.3309235286327
1,-15.3583480747294,-10.4809032665242,-15.2124589184842,-11.0754173704675
1,-15.6050829338259,-11.4372234125352,-14.1272113753292,-10.1242882554305
0,-16.52656894228,-13.892016094197,-15.4314158322589,-13.199250032965
0,-15.8145699927431,-15.5704517789308,-15.7250382427096,-15.1180114768017
0,-15.1149086536144,-12.7596240998846,-15.0281949399394,-13.8573458461347
0,-14.9732652158861,-17.3479169619218,-14.6345047888382,-17.3061418672881
1,-14.1799591808374,-11.8522090587285,-13.5618930262818,-10.0479952242372
0,-13.9620231747824,-14.6324422594665,-15.3283300494707,-11.5488267358469
0,-16.267346821302,-11.8879550263146,-14.8945401801111,-12.6137854913398
0,-14.784927493943,-10.9554364472893,-15.3751566342342,-10.6481665238123
1,-15.0819572803043,-14.2084658953357,-15.5040701423248,-15.5772299434705
0,-17.8249525465841,-15.2604944576537,-17.2751006875807,-16.7772723523118
0,-10.7380699028026,-13.8018690441247,-14.1446666973251,-14.3260228236698
0,-13.2097257220106,-8.17981924943877,-13.8756739505369,-8.61109591851868
1,-14.4651377868121,-10.9429552064388,-14.4018916357282,-11.1644815877271
0,-20.3778119562262,-17.8601301557469,-21.0241339320844,-19.445405164031
0,-12.8748084986555,-17.3222129026112,-14.013225285289,-15.1548114647697
1,-15.906254530823,-15.0917465792393,-15.9759950033664,-16.503906483608
0,-15.8489954857844,-14.8185316249881,-16.3362565110107,-14.9515499698453
0,-14.6904116040032,-8.28786293933763,-15.0918905015869,-10.3630273190428
0,-18.1636499189047,-12.6524434178735,-18.8909056041511,-15.0909297035033
0,-15.1351830117847,-15.7104190153219,-15.5894103083701,-16.0660815332714
1,-14.8674751304695,-12.137041065189,-16.0041121958041,-12.0606698626133
0,-15.4637023462639,-15.8408237675699,-15.8012083972638,-15.6426533590966
1,-13.3084649451158,-10.5897865878341,-13.6009763212675,-9.13131253479257
0,-18.1408536019635,-15.4985964929274,-17.5671689685398,-17.3336786442881
1,-10.0307226147233,-4.74960482280323,-11.2612201084468,-3.43120971004024
1,-10.7727307739412,0.632032087435659,-10.5849532706438,-0.149551587436092
1,-15.3756470180575,-14.0917278404594,-14.920582369877,-13.6554594048953
0,-16.3771825865768,-13.4193210050291,-15.7311336312601,-12.4365203016036
1,-15.290979429468,-10.4726976253373,-15.3178638806777,-10.9169750451137
1,-17.9633111372246,-13.4957320196659,-16.086214572979,-14.2271729932138
0,-13.6761200932106,-22.0709704431829,-15.0992734928148,-20.6303727141436
0,-13.4593176530968,-10.3295875050631,-14.1552088238082,-10.5638956356021
0,-16.9569469882415,-17.8544929251554,-16.5630762538958,-18.4428247031369
1,-16.6218661860444,-8.36358692296975,-17.2390099947736,-8.37999756383001
1,-15.770988708242,-10.9896275736148,-16.2783784481696,-10.3899851826849
0,-17.3750217515665,-11.6309143766333,-16.1498614013903,-14.2311056460218
0,-16.5242220052698,-14.7357593282975,-16.3936782601433,-15.3497746454949
0,-16.5348636257997,-17.8630380693101,-17.7846514736053,-14.6850846228568
0,-17.6973834850088,-15.0980912801727,-16.5226262500525,-16.3159109620942
0,-16.0413074263362,-11.1620296094928,-14.750875666428,-10.560725203753
0,-17.6906553682706,-17.5371704711473,-18.9500778558858,-16.4621590323351
0,-17.8011029690667,-16.149527452923,-18.4599032521283,-17.2706751952104
0,-52.6583486687971,-12.1416649998343,-53.607645218928,-12.2476547318113
0,-18.4638428086975,-13.5371842672039,-16.8605129301127,-12.8741616964259
0,-12.6211962151197,-10.2700077100702,-14.0459200084095,-10.528115089564
0,-19.3145892442711,-15.2164796290252,-19.3974221131417,-15.5619606416538
0,-18.1377857446514,-17.5144931707037,-18.584249357342,-18.5034516094497
0,-13.9407001305196,-5.79540760903828,-13.3174818027935,-6.82933159463716
0,-11.3198602919931,-14.3024397521575,-11.9364158455174,-14.4446869991909
0,-14.80152654774,-3.32197988426895,-14.0166892607145,-5.36615088483942
1,-14.1581915580893,-13.2570020479266,-14.5026038572213,-12.5795993328029
0,-17.871828615548,-15.7720508227232,-17.7695645325799,-15.2372772411941
0,-15.8433554134928,-11.3640818457502,-14.7929106105476,-12.4807009402441
1,-18.0278697890072,-15.9436699091637,-18.0222593396578,-16.9484362478006
1,-14.4748698614987,-8.59424194111637,-14.2382285825685,-8.70361449530259
1,-12.6415804268812,-2.73896396227522,-11.4985690018765,0.173385079724528
0,-11.826747720789,6.16961266065776,-11.8340473818021,6.00903278389619
0,-14.5601858142491,-18.3743569152004,-15.825797804223,-16.6171392250257
0,-13.8564200311685,-8.66241626027955,-13.8803660409613,-8.22354093924319
1,-13.5254622684828,-14.447903029415,-15.0133554424711,-15.3934950218223
0,-18.7025099458941,-15.4182536052425,-19.0004522336901,-15.3374474925817
0,-14.5072993033094,-10.7179436654308,-14.7916192118515,-10.4113557308085
1,-13.9777685973659,-8.06649152525018,-13.2597179845363,-7.86431034015002
1,-15.772616474819,-10.2933330652085,-13.7620968269832,-9.20649484555983
0,-16.0085560496808,-14.5960953855877,-16.07712667908,-14.4421981554098
1,-15.8492059381903,-16.5061829755323,-17.2305438131316,-16.0082932214337
0,-17.915977460074,-15.3911720391832,-17.1030281227097,-14.2218085245291
1,-12.1857352240764,-6.05566585352358,-12.9230994257452,-6.2794608816914
0,-15.893094769225,-13.8667982552986,-15.6555314124538,-14.6961507534676
0,-15.9521887044549,-14.0895182288625,-15.7875701037091,-13.5418048727324
1,-14.6910579543708,-14.3943775163207,-14.4990835999713,-13.8437777954874
0,-16.8149601597017,-16.4567942121939,-16.1771117004733,-14.929552368645
0,-19.4857101582572,-12.321757501822,-17.7318412050578,-12.8701127220338
0,-17.6661493497295,-18.9674553636741,-17.9635962717589,-18.2219948566866
1,-14.2408231316296,-15.8577580386018,-16.4339552394258,-15.7567730550501
1,-17.4198226816615,-13.7248133114988,-15.7769887307496,-14.386258822054
0,-16.0375725379242,-14.4213634077107,-16.3017595761021,-14.0673680314179
0,-14.1246157116853,-10.046212111903,-14.2316503531585,-8.94441034155555
0,-15.1004026436596,-12.4665852667028,-17.1586877491966,-12.5350147331544
0,-16.2271535597304,-7.7689004505745,-14.951731228893,-6.78692610656559
0,-14.2412429849001,-14.9468063394662,-14.6035190398256,-13.7362367825146
1,-18.5500856920318,-12.6386716290387,-18.8491322524687,-12.2880359059869
1,-19.2964909507984,-15.0266753244398,-19.4817493775821,-12.7258052565603
1,-16.1358883979638,-17.191268657826,-15.8901236749859,-16.5882304971853
1,-15.8217556678393,-10.9668053804216,-16.6712530411096,-11.2238809325449
0,-15.5375409310119,-10.8569350642368,-15.5759521034231,-10.7842956182293
0,-19.2642522658335,-16.3381413947458,-18.5028697840622,-14.8310787292599
0,-13.9200425126367,-15.9701711260855,-15.6866777734369,-16.1505001014781
0,-23.3059254671432,-14.4289548562474,-22.198986317991,-14.2489710584029
1,-13.9491324026416,-8.28531545310392,-14.4812371203255,-8.07023422978751
1,-15.1037672008751,-17.2241633561491,-16.2347351651777,-16.1363641668419
1,-16.229656152875,-16.1199448374582,-16.888468958096,-16.2262086382547
0,-15.9584563669403,-13.0959329169083,-15.7923696593392,-13.0864241029156
0,-16.3553793347115,-12.9985380257077,-16.6681884411788,-14.5185091405896
0,-13.6540985655396,-8.34559588530456,-13.9881254606313,-7.80120132940394
0,-13.8115603990377,-11.1102436397203,-15.2515974303386,-10.5946172661229
0,-23.2275110633565,-21.3350352138618,-22.3160651272512,-21.0235205234881
0,-16.4610320602243,-19.167420268764,-17.338565868493,-19.3995427506399
1,-18.4725653734206,-17.8019710913992,-17.944087128542,-16.7462240018596
0,-14.5491544070191,-18.4178834002645,-14.9765863994206,-17.2461305209493
0,-17.2997669498505,-13.2110213001202,-17.7235612949506,-14.7743970465743
0,-16.7813109645219,-15.0062742728883,-16.3915032712024,-16.779711631467
1,-13.9414080075424,-8.67961202663959,-15.3772429421632,-8.08791963098402
1,-15.6838974747357,-14.1307072711185,-15.1689617167575,-13.0270835876404
1,-14.8680992817816,-12.8838573966406,-15.8459963278798,-14.2653590708221
0,-19.7218322945283,-14.9418300656358,-18.3016866176222,-15.2610571074414
1,-17.6963529090942,-14.2155901596962,-16.8014454909532,-15.1549813982109
0,-14.2605959052335,-11.036874379118,-14.9861096437569,-12.0993045138464
0,-16.5226582292947,-15.3256286505274,-17.7065214706587,-15.8184877696854
0,-16.0431763785411,-14.9236713117128,-15.3860127232151,-15.6091292949801
0,-16.9497688992326,-17.3123882030717,-17.1624351291366,-17.787578840185
0,-15.3303447057839,-15.4703280098382,-17.5744481660926,-15.9678142145956
1,-16.2361278230848,-13.5907193463083,-15.264705823019,-13.8450147404968
0,-17.1116374748512,-16.9431728908009,-16.8290615783973,-16.7765611440805
0,-15.3431924411271,-17.0715310211588,-15.5435182901195,-18.1632400335132
0,-16.5718937179268,-15.6568453504409,-16.0018701268604,-14.7374634611588
0,-14.5898792857407,-15.4136742959014,-16.0145726420712,-15.7287024916075
1,-13.7060831308831,-14.2771714585743,-15.8095354879672,-14.7661207967941
1,-18.0454252049069,-16.6509914567501,-17.1057726927037,-16.2565826861381
1,-15.1550744564125,-14.1649294496224,-14.8219590456765,-13.4231529271298
0,-13.1750867072465,-20.0762968815173,-14.8689535021241,-18.7814517659975
1,-15.850884033563,-14.792470009036,-15.9227194887012,-14.6380476431472
0,-18.6275823934354,-15.9299025486764,-18.3569989659806,-15.9502170339111
0,-16.9140628211617,-11.2014158865162,-16.1082682340766,-10.6581501327127
1,-13.4893993202217,-16.0062820883271,-14.5870975891842,-14.5597345489608
0,-16.9155321653569,-15.2828190451549,-16.2507368409557,-16.3207654640077
1,-15.7160929168166,-12.1976818030716,-14.9799088940429,-11.9000442656991
1,-18.5589105930267,-13.3368776432984,-17.9812059220031,-14.6022069420026
0,-19.2526818523214,-13.9200988662175,-17.5216992963606,-12.7955133546285
1,-13.5769263562501,-5.62867705849684,-13.4541843105669,-5.72020394407792
1,-12.7284432935341,-12.3720109948735,-12.6443385296519,-12.5793324893435
0,-10.5481422254998,-0.674997233532072,-10.4496532261582,0.311667664637597
0,-13.7464587705101,-11.3742846894941,-13.4466867209796,-11.8637962777835
0,-16.8236690043927,-17.4273977002795,-15.8532218106159,-16.6531360515975
0,-16.9927839387575,-17.1350437107479,-16.7029980375609,-15.2663942952767
0,-13.6174817749946,-10.9274181728225,-14.213519223018,-12.2782513416163
0,-19.1949764609227,-17.4871948611957,-18.1885089754004,-17.1804928602433
1,-14.0501901790633,-15.6884133840175,-15.0993575270587,-15.2763590212444
0,-16.8727199734987,-13.6446727093027,-16.4415854049745,-14.0486808650349
0,-15.5376630792858,-13.8916574434831,-16.03365397379,-14.778269497335
0,-25.9598322727403,-24.8784667213133,-24.8443958510219,-24.8571459152297
0,-15.9618785161098,-16.4940612476975,-15.9584976349998,-17.1209311617781
0,-14.8996663759978,-16.8009998731364,-16.0760620449459,-16.5043811183974
0,-17.5490543110749,-16.2212547809841,-18.1694730371248,-16.2596707925205
0,-15.0671883554063,-12.5635720354984,-15.3903957566155,-13.1130736481283
0,-16.0960043483122,-13.8803274106517,-17.3953953759532,-14.8574295322809
1,-16.5447634536922,-15.4783129965298,-15.3461630745824,-14.8692251230127
1,-17.5440331502386,-17.8660477822126,-17.2215404186143,-16.8355066801326
0,-16.2006626880745,-17.1942540951994,-16.6538026568358,-17.3406770957357
1,-11.0941954055383,-2.15002553716377,-11.7186512388927,-2.98092745228579
1,-17.0116329282243,-14.4026442755401,-16.68430197584,-14.7641988017861
0,-14.5946726476343,-11.778445257611,-14.4122308568859,-13.2434859997178
0,-13.4862083314639,-10.2109506700703,-13.9200300304176,-8.52607195575656
0,-18.1882951871014,-15.6346314671369,-17.2001523786043,-15.1638886969844
0,-17.8422649084999,-14.6805901724071,-17.7142642246129,-15.0764990856858
0,-16.0290410566074,-12.1909876770095,-17.2264459995558,-13.5509482990318
0,-15.0825167911724,-14.8526850231401,-15.2845564797355,-13.8284597737117
0,-13.2991638799074,-13.9465437945166,-13.8027814597059,-14.1718561175442
1,-14.5204314435582,-9.78785762277412,-14.8706907378288,-10.1787150130333
0,-18.4101220942419,-17.6517856573071,-19.0117382359957,-15.9576466537232
0,-16.997565442564,-16.2493175929425,-16.1554664516487,-16.5717130787182
0,-11.2401334367204,-10.7558006499895,-11.9690453254533,-9.64558753628973
1,-16.3404572861103,-17.9167813860367,-17.207814686697,-16.4972103210711
0,-15.3465055579736,-17.9173752472043,-16.3679220668861,-16.6218172319881
1,-16.7671066062222,-11.2356202451403,-15.0199130664833,-10.5684428334122
1,-14.9343344707438,-17.3299509827283,-13.2905893920762,-16.0476476459585
0,-23.3467550171147,-18.1766501740913,-20.3737946509054,-17.9079310752076
0,-15.9746347980471,-14.9204103084972,-16.203959996712,-14.8032756043158
1,-15.2711793940032,-16.5229691179761,-16.0358630270319,-15.5023292732256
0,-18.4900111202411,-14.7793858795798,-19.2305082404773,-15.3101562100408
0,-109.637895984463,-17.8948568703809,-107.937857486647,-18.2366589612616
0,-18.2669985488789,-11.7597870176325,-17.5454145033222,-15.0934204785818
0,-11.7700486103701,-11.3271453531913,-12.4743883550063,-11.8218937783859
0,-16.4917431083284,-17.6675136480562,-17.4125403099141,-16.7998103727536
1,-13.5990849185909,-5.00123507437621,-14.2033734563015,-6.86324821455568
1,-14.6588305585475,-15.7299201734142,-16.0191308327676,-16.9301295513692
0,-13.9646951306762,-10.363890089071,-15.1805169314105,-10.7319536760061
1,-15.8560420624509,-12.9068308493886,-15.5037600719973,-12.1073591228121
1,-16.2276130963225,-16.8328769405187,-17.2916796019069,-16.7151823145341
0,-16.120436632891,-14.3034130650495,-15.3053109031225,-14.8786364488233
0,-12.856813490114,-15.0342104177552,-14.0293512063172,-16.3093515453068
0,-14.9854676887132,-14.9142128396687,-14.833861185932,-14.0101573859501
0,-16.0669125047505,-17.3989108386193,-15.9935079951518,-15.5063132408733
1,-16.4983102636957,-13.583915320776,-15.4000310806882,-14.7688135415031
0,-17.4320701378925,-15.8324753136398,-15.9599242703137,-17.6191415904573
0,-16.6088822827835,-15.7019493275615,-16.4332992046944,-15.2466317179091
0,-17.3655083240594,-11.0933000828105,-16.7533710702978,-11.2141691269753
0,-16.4325472512364,-7.47038439195833,-15.0363598345818,-7.14221199448517
0,-15.3488754935768,-16.2502928427193,-16.5268095909842,-16.5602733748315
0,-18.5346134812378,-16.0280248029774,-15.0640000201838,-14.635514829974
0,-18.2041161318334,-19.5958067454535,-17.6649439024917,-20.7075212646038
1,-17.7581761411433,-17.0950259584799,-16.3395320765314,-17.2437390818742
1,-14.4278634320862,-12.4035823675385,-15.3237984005171,-12.2726650815582
1,-19.204381441061,-16.3396510188712,-18.6179978199648,-16.4628127646647
0,-15.5907643777044,-16.1399135971552,-16.0731715101502,-15.1945344135601
1,-16.9905414419238,-14.8356993447896,-16.234589166522,-15.6767073539726
0,-14.0619397995895,-19.6915964780755,-15.1557426213912,-17.9668159767377
0,-13.8692452696347,-14.3731355278759,-13.8758558260099,-14.5763506232065
1,-18.6057682005374,-17.3429829196083,-17.4408939392415,-16.4982049649104
0,-14.5554196501729,-13.7089131176484,-15.7423225748411,-13.8866586360476
0,-16.4891269892088,-18.4350467671056,-17.0823051883977,-17.4722995161684
0,-18.4096367649685,-19.4064557781094,-17.5529982098757,-18.3523755140016
0,-15.5172646893095,-14.6501207914692,-15.1896738701053,-15.115256822003
1,-17.2724221315716,-14.6197292779643,-16.6525119581127,-14.7627665371412
0,-17.4284462630447,-14.9414801089574,-16.983995400283,-16.5459528281706
0,-14.1794745619573,-14.6195831454723,-15.6337922706,-14.3519392842839
0,-16.1597731862209,-16.1527283506805,-16.3982121275185,-15.048361985854
1,-15.8269389282593,-10.2017209159145,-16.0095166953178,-11.7008939187146
1,-14.5926598182266,-16.1321385864757,-15.2412444987122,-16.4123905493909
0,-15.5959042679443,-11.2478737508484,-15.490602083197,-11.5186547369599
0,-17.3695365100054,-13.3754276832352,-17.2478497243992,-13.7393220727959
1,-17.0021838565681,-10.921586500031,-15.7308333730594,-11.5650169364731
0,-18.1166899691901,-15.4694478727881,-16.5663201250001,-15.8732848567591
1,-15.1342888730733,-17.6246620310711,-14.6641551572857,-17.2518799539774
1,-15.7630903125441,-11.9333451761745,-16.1561930951386,-12.1403137354931
1,-14.6928293710911,-9.5582601412657,-14.9441322753144,-10.014459796046
0,-22.1543278196054,-12.7237256755783,-20.0790859335162,-13.4530612468205
0,-15.1095051871121,-16.0625779104171,-17.0834120671596,-16.0709173390758
0,-15.7506622190991,-16.4802269187803,-16.7798992753734,-16.7340749251489
0,-16.5466023250397,-10.4726298359767,-15.7451092464454,-10.2518272069468
1,-14.8870628543415,-17.3558693998796,-14.9226210569118,-17.3562326583322
0,-19.1300622164727,-14.6012897104407,-19.0716076030356,-15.2163812677841
0,-16.9496748391433,-17.9883216631333,-17.5252466092707,-18.4877173455096
0,-17.6411694043371,-14.0802378189141,-17.187490013581,-15.2661313202135
0,-14.0183421014125,-14.0279373114498,-13.48293265157,-12.6908745270667
0,-17.0974857502984,-20.0856114001571,-15.9224205790774,-19.8972232811588
0,-19.7598833129734,-14.9405495449656,-18.9299688018005,-14.9913614946307
0,-17.7336324569491,-16.6413462913657,-17.5228322042685,-16.9994720232366
0,-15.6102015616415,-4.17765980659549,-14.9013696538354,-6.69919044660216
0,-16.3690131048128,-13.74884488648,-15.6391331064311,-14.3471516681709
0,-16.7379041646393,-16.7856927242852,-16.6331889528357,-15.2171158418756
1,-15.870059767288,-11.7344894994503,-15.3848187405542,-13.5240242370276
1,-15.4140904316117,-17.470237414164,-17.4243678899066,-16.9235207329273
0,-19.7377240609468,-16.5636999231766,-17.8432269404391,-16.3207760556605
1,-17.6558249311168,-14.8082239745456,-17.268173950345,-15.5022884333329
